# UNIX        Bx     By     Bz     Bt
1770062760    0.7   -5.0   -2.1    5.5
1770063360    4.5   -0.6   -1.8    4.9
1770063960    3.7   -1.9   -2.2    4.7
1770064560   -1.9   -5.2   -0.3    5.5
1770065160   -2.0   -5.6   -0.7    6.0
1770065760   -2.0   -5.9   -0.2    6.2
1770066360   -2.5   -4.9   -1.5    5.7
1770066960   -2.4   -5.5   -1.3    6.1
1770067560   -2.2   -5.6   -1.4    6.2
1770068160   -1.4   -6.0   -0.9    6.2
1770068760   -0.7   -5.4   -2.2    5.8
1770069360   -0.5   -2.8   -4.7    5.5
1770069960   -0.4   -5.9   -1.0    6.0
1770070560   -1.0   -5.5   -2.0    6.0
1770071160    2.1    1.0   -5.2    5.7
1770071760    1.0   -4.4   -2.6    5.2
1770072360    0.5   -6.1   -0.1    6.1
1770072960   -0.0   -5.6   -2.0    6.0
1770073560   -0.3   -5.8   -2.2    6.3
1770074160   -1.3   -6.0   -1.4    6.3
1770074760   -0.9   -5.8   -1.7    6.1
1770075360   -0.2   -5.7   -2.1    6.1
1770075960   -0.2   -6.1   -1.8    6.3
1770076560    0.2   -5.3   -2.8    6.1
1770077160    0.6   -4.9   -3.1    5.9
1770077760    0.2   -5.8   -1.7    6.0
1770078360   -0.4   -5.9   -0.9    5.9
1770078960   -1.1   -6.1   -0.7    6.2
1770079560   -0.3   -5.9   -1.9    6.2
1770080160    0.3   -5.8   -1.0    5.9
1770080760   -0.6   -6.0   -1.2    6.1
1770081360   -0.8   -5.8   -1.8    6.2
1770081960   -0.8   -5.9   -1.3    6.1
1770082560   -0.2   -5.6   -2.1    6.0
1770083160    0.2   -4.7   -3.3    5.7
1770083760    0.4   -5.0   -2.5    5.6
1770084360    0.5   -4.5   -3.1    5.4
1770084960    0.5   -5.1   -1.6    5.3
1770085560    0.4   -4.8   -1.8    5.2
1770086160    0.6   -4.7   -1.8    5.1
1770086760    0.6   -4.8   -1.7    5.1
1770087360    0.2   -4.9   -1.5    5.1
1770087960    1.2   -3.7   -2.8    4.8
1770088560    1.6   -2.5   -3.7    4.7
1770089160    2.2   -3.1   -2.9    4.8
1770089760    2.8   -3.4   -2.1    4.9
1770090360    1.7   -4.0   -2.2    4.9
1770090960    2.9   -3.5   -1.2    4.7
1770091560    3.0   -3.2   -1.3    4.6
1770092160    3.2   -3.2   -0.9    4.6
1770092760    2.9   -3.3   -1.2    4.5
1770093360    0.3   -5.3   -0.7    5.4
1770093960    0.1   -5.1   -1.2    5.3
1770094560    0.6   -4.9   -1.3    5.1
1770095160    1.1   -4.5   -1.6    4.9
1770095760    2.6   -2.0   -2.8    4.3
1770096360    2.3   -3.1   -2.1    4.4
1770096960    2.4   -2.6   -2.5    4.3
1770097560    2.9   -2.4   -3.0    4.8
1770098160    3.3   -1.9   -3.0    4.9
1770098760    3.4   -1.3   -3.3    4.9
1770099360    3.3   -0.6   -3.5    4.9
1770099960    3.3   -0.2   -3.8    5.0
1770100560    3.4   -0.3   -3.8    5.1
1770101160    3.4   -0.3   -3.4    4.8
1770101760    2.8   -0.0   -3.6    4.5
1770102060    2.4    0.7   -3.8    4.6
1770102120    2.5    0.5   -3.9    4.7
1770102180    2.5    0.7   -3.9    4.7
1770102240    2.4    0.8   -3.9    4.7
1770102300    2.6    0.8   -3.6    4.5
1770105360    2.3   -2.3   -2.0    3.8
1770105960    2.4   -2.8   -1.7    4.1
1770106560    2.4   -4.0   -1.4    4.8
1770107160    2.0   -3.6   -1.0    4.2
1770107760    2.3   -3.3   -1.3    4.2
1770108360    1.8   -3.7   -0.2    4.1
1770108960    2.6   -3.0   -1.4    4.2
1770109560    1.5   -4.0   -0.2    4.3
1770110160    2.3   -3.8   -0.3    4.4
1770110760    1.7   -4.7    0.6    5.0
1770111360    2.0   -4.6    1.0    5.1
1770111960    2.1   -4.3    0.4    4.9
1770112560    1.9   -4.4   -0.4    4.8
1770113160    1.6   -4.2   -0.4    4.6
1770113760    0.8   -4.4   -0.9    4.6
1770114360    1.1   -4.6   -1.3    4.9
1770114960    0.9   -4.8    0.2    4.9
1770115560    1.3   -4.5    2.1    5.1
1770116100    1.2   -4.3    2.5    5.2
1770116160    1.2   -4.4    2.5    5.2
1770116220    1.2   -4.4    2.4    5.1
1770116280    1.2   -4.6    2.2    5.2
1770116340    1.2   -4.6    2.2    5.2
1770116400    1.1   -4.6    2.0    5.1
1770116520    1.0   -4.4    2.6    5.2
1770116580    0.9   -4.0    3.1    5.2
1770116640    0.9   -2.9    3.2    4.4
1770121560    2.9   -4.1    0.3    5.0
1770122160    2.6   -4.5   -1.1    5.3
1770122760    2.6   -4.5   -1.9    5.5
1770123360    1.1   -4.8   -2.2    5.4
1770123960    1.8   -4.9   -1.1    5.3
1770124560    2.0   -4.5   -1.4    5.1
1770125160    2.6   -4.0   -1.1    4.9
1770125760    3.3   -3.6   -1.5    5.1
1770126360    3.5   -3.3   -1.1    4.9
1770126960    3.4   -3.8   -0.9    5.2
1770127560    3.4   -4.0   -0.3    5.3
1770128160    3.2   -4.7   -0.1    5.6
1770128760    3.5   -4.3   -2.1    5.9
1770129360    3.4   -4.1   -2.8    6.0
1770129960    3.4   -3.5   -3.3    5.9
1770130500    4.1   -3.9   -2.4    6.1
1770131160    3.8   -4.2   -2.1    6.0
1770131760    3.7   -3.2   -3.0    5.7
1770132360    3.7   -3.3   -2.9    5.7
1770132960    4.0   -4.4   -2.4    6.4
1770133560    3.5   -5.9   -1.8    7.1
1770134160    3.7   -6.1   -2.2    7.5
1770134760    3.9   -5.5   -3.5    7.6
1770135360    4.0   -6.1   -1.9    7.5
1770135960    3.5   -5.6   -1.4    6.7
1770136560    3.6   -5.0   -2.7    6.8
1770137160    3.2   -4.2   -3.6    6.4
1770137760    3.2   -5.8   -2.4    7.1
1770138360    1.9   -6.6   -1.2    7.0
1770138960   -0.0   -7.0    0.5    7.1
1770139560    1.0   -7.0    0.1    7.1
1770140160    2.8   -5.7   -2.0    6.7
1770140760    3.9   -3.5   -3.2    6.1
1770141360    3.8   -3.6   -3.1    6.1
1770141960    4.5   -3.2   -3.0    6.3
1770142560    4.8   -3.8   -3.6    7.1
1770143160    5.4   -2.3   -4.1    7.1
1770143760   -0.7    2.4   -1.3    2.8
1770144360   -0.6    2.9   -1.0    3.2
1770144960   -5.5    5.9    2.1    8.3
1770145560   -6.1    5.9    2.9    9.0
1770146160   -6.3    5.9    3.1    9.1
1770146760   -6.1    6.3    2.7    9.2
1770147360   -5.6    6.7    1.9    9.0
1770147960   -5.5    6.6    1.9    8.8
1770148560   -6.0    5.8    3.1    8.9
1770149160   -5.0    6.8    2.8    8.9
1770149760   -5.1    6.7    3.1    9.0
1770150360   -5.1    6.9    2.4    8.9
1770150960   -4.4    7.2    2.4    8.8
1770151560   -5.0    6.7    2.6    8.8
1770151980   -7.8    2.1    4.5    9.2
