1770062220    3.8   -3.1   -2.4    5.5
1770062280    3.6   -3.4   -2.2    5.5
1770062340    3.7   -3.7   -2.0    5.5
1770062400    3.6   -3.7   -1.7    5.4
1770062460    2.9   -3.9   -2.1    5.3
1770062520    2.9   -4.1   -1.9    5.4
1770062580    1.1   -4.9   -2.3    5.5
1770062640    1.4   -4.8   -2.2    5.5
1770062700    0.6   -5.1   -2.0    5.5
1770062760    0.7   -5.0   -2.1    5.5
1770062820    2.7   -3.8   -2.2    5.2
1770062880    1.7   -4.5   -2.4    5.4
1770062940    1.2   -4.7   -2.4    5.4
1770063000    1.6   -4.5   -2.3    5.3
1770063060    4.1   -2.1   -1.4    4.8
1770063120    4.4   -0.9   -1.6    4.8
1770063180    4.5    0.1   -1.8    4.8
1770063240    4.4   -0.2   -2.0    4.8
1770063300    4.4   -0.5   -1.9    4.8
1770063360    4.5   -0.6   -1.8    4.9
1770063420    4.5   -0.4   -1.6    4.8
1770063480    4.5   -0.7   -1.6    4.8
1770063540    3.8   -2.2   -1.9    4.7
1770063600    3.6   -2.5   -1.9    4.8
1770063660    3.7   -2.2   -1.7    4.7
1770063720    4.1   -1.8   -1.5    4.7
1770063780    4.1   -1.5   -1.6    4.7
1770063840    3.8   -1.6   -2.0    4.6
1770063900    3.6   -1.9   -2.3    4.7
1770063960    3.7   -1.9   -2.2    4.7
1770064020    3.5   -2.1   -2.4    4.7
1770064080    3.4   -2.0   -2.2    4.6
1770064140    3.4   -2.0   -2.2    4.5
1770064200    3.3   -1.7   -2.4    4.4
1770064260    3.2   -1.5   -2.6    4.3
1770064320    3.5   -1.4   -2.3    4.5
1770064380    3.3   -2.0   -0.7    3.9
1770064440   -0.9   -5.3   -0.5    5.4
1770064500   -1.5   -5.4   -0.2    5.6
1770064560   -1.9   -5.2   -0.3    5.5
1770064620   -2.0   -5.4    0.5    5.8
1770064680   -2.3   -5.2   -0.1    5.7
1770064740   -2.3   -5.1   -0.2    5.6
1770064800   -2.5   -5.2   -0.0    5.7
1770064860   -1.9   -5.3   -1.4    5.8
1770064920   -1.8   -5.8   -0.9    6.1
1770064980   -1.8   -5.8   -1.1    6.2
1770065040   -1.7   -5.7   -1.1    6.1
1770065100   -2.0   -5.6   -0.7    6.0
1770065160   -2.0   -5.6   -0.7    6.0
1770065220   -2.0   -5.6   -0.7    6.0
1770065280   -2.1   -5.7   -0.8    6.1
1770065340   -2.0   -5.8   -0.7    6.2
1770065400   -2.1   -5.8   -0.5    6.2
1770065460   -2.2   -5.6    0.1    6.0
1770065520   -2.1   -5.5    0.1    5.9
1770065580   -2.2   -5.9   -0.0    6.3
1770065640   -2.0   -6.0   -0.1    6.3
1770065700   -1.9   -6.0   -0.1    6.3
1770065760   -2.0   -5.9   -0.2    6.2
1770065820   -2.1   -5.9   -0.2    6.3
1770065880   -2.4   -5.7   -0.2    6.2
1770065940   -2.5   -5.7   -0.2    6.2
1770066000   -2.5   -5.6    0.0    6.1
1770066060   -2.6   -5.6    0.1    6.2
1770066120   -2.5   -5.5   -0.6    6.1
1770066180   -2.4   -5.6   -0.4    6.1
1770066240   -2.5   -5.6    0.0    6.1
1770066300   -2.6   -5.5    0.2    6.1
1770066360   -2.5   -4.9   -1.5    5.7
1770066420   -2.7   -5.2   -1.7    6.1
1770066480   -2.7   -5.0   -2.1    6.0
1770066540   -2.3   -5.1   -2.3    6.1
1770066600   -2.2   -4.7   -3.2    6.1
1770066660   -2.6   -5.2   -1.8    6.1
1770066720   -2.1   -5.3   -1.7    5.9
1770066780   -2.3   -5.2   -2.0    6.0
1770066840   -2.8   -5.0   -2.3    6.2
1770066900   -3.0   -4.9   -2.2    6.2
1770066960   -2.4   -5.5   -1.3    6.1
1770067020   -2.0   -5.6   -1.1    6.1
1770067080   -2.1   -5.7   -0.8    6.1
1770067140   -2.1   -5.5   -1.2    6.1
1770067200   -2.2   -5.6   -1.5    6.2
1770067260   -2.4   -5.4   -1.8    6.2
1770067320   -2.2   -5.6   -1.6    6.2
1770067380   -2.0   -5.6   -1.1    6.1
1770067440   -2.1   -5.6   -1.2    6.1
1770067500   -2.1   -5.7   -1.3    6.2
1770067560   -2.2   -5.6   -1.4    6.2
1770067620   -2.2   -5.6   -1.3    6.2
1770067680   -2.0   -5.6   -1.4    6.1
1770067740   -2.0   -5.6   -1.3    6.1
1770067800   -2.1   -5.5   -1.3    6.0
1770067860   -2.0   -5.5   -1.7    6.1
1770067920   -2.1   -5.3   -2.2    6.1
1770067980   -2.2   -5.3   -2.1    6.1
1770068040   -1.3   -5.6   -0.8    5.8
1770068100   -1.0   -6.0   -0.5    6.1
1770068160   -1.4   -6.0   -0.9    6.2
1770068220   -0.9   -5.9   -0.6    6.0
1770068280    0.2   -5.8   -0.1    5.8
1770068340    0.0   -5.8   -0.7    5.8
1770068400    0.4   -5.7   -1.0    5.8
1770068460    0.3   -5.7   -1.1    5.8
1770068520    0.3   -5.7   -1.3    5.9
1770068580    0.2   -5.6   -1.5    5.8
1770068640    0.2   -5.5   -1.9    5.8
1770068700   -0.3   -5.5   -2.0    5.8
1770068760   -0.7   -5.4   -2.2    5.8
1770068820   -0.6   -5.4   -2.3    5.9
1770068880   -0.5   -5.4   -2.4    5.9
1770068940   -0.8   -5.3   -2.6    6.0
1770069000   -0.7   -4.5   -3.6    5.8
1770069060   -1.0   -4.2   -3.9    5.8
1770069120   -1.1   -4.4   -3.7    5.8
1770069180   -0.7   -4.3   -4.0    5.9
1770069240   -1.0   -4.0   -4.2    5.9
1770069300   -0.3   -3.6   -4.2    5.6
1770069360   -0.5   -2.8   -4.7    5.5
1770069420   -0.3   -2.2   -5.0    5.5
1770069480   -0.6   -1.2   -5.3    5.5
1770069600   -0.2   -2.4   -4.9    5.5
1770069660   -0.2   -3.1   -4.3    5.3
1770069720   -0.4   -3.3   -3.4    4.8
1770069780   -0.5   -5.1   -2.7    5.8
1770069840   -0.4   -5.7   -1.0    5.8
1770069900   -0.4   -5.9   -0.7    6.0
1770069960   -0.4   -5.9   -1.0    6.0
1770070020   -0.9   -5.8   -1.0    5.9
1770070080   -0.8   -5.7   -1.3    5.9
1770070140   -1.0   -5.6   -1.5    5.9
1770070200   -0.9   -5.6   -1.8    5.9
1770070260   -0.9   -5.6   -1.7    5.9
1770070320   -0.9   -5.3   -2.3    5.9
1770070380   -0.9   -5.2   -2.3    5.8
1770070440   -1.0   -5.3   -2.1    5.8
1770070500   -1.0   -5.1   -2.6    5.8
1770070560   -1.0   -5.5   -2.0    6.0
1770070620   -1.1   -6.1   -0.8    6.2
1770070680   -1.1   -6.0   -0.8    6.1
1770070740   -0.6   -5.7   -1.0    5.8
1770070800   -0.6   -5.7   -1.0    5.8
1770070860   -0.6   -5.4   -1.5    5.6
1770070920    2.2    0.2   -4.5    5.0
1770070980    1.7    0.8   -5.2    5.5
1770071040    1.7    1.7   -5.0    5.5
1770071100    2.1    1.7   -4.8    5.5
1770071160    2.1    1.0   -5.2    5.7
1770071220    2.2   -0.2   -5.2    5.7
1770071280    2.1   -0.9   -5.1    5.6
1770071340    2.0   -1.5   -5.1    5.6
1770071400    2.0   -1.5   -5.0    5.6
1770071460    2.0   -1.5   -5.0    5.6
1770071520    2.2   -1.5   -4.9    5.6
1770071580    1.7   -2.2   -5.2    5.9
1770071640    1.6   -2.3   -5.2    5.9
1770071700    1.8   -1.9   -5.0    5.6
1770071760    1.0   -4.4   -2.6    5.2
1770071820    1.0   -5.6   -1.6    5.9
1770071880    1.2   -5.5   -1.7    5.9
1770071940    1.9   -5.2   -1.9    5.8
1770072000    1.5   -5.1   -2.3    5.8
1770072060    1.4   -5.2   -2.2    5.9
1770072120    1.5   -5.5   -1.4    5.9
1770072180    1.5   -5.6   -1.4    6.0
1770072240    1.2   -5.7   -1.2    6.0
1770072300    1.0   -6.0   -0.7    6.1
1770072360    0.5   -6.1   -0.1    6.1
1770072420    0.5   -6.1   -0.2    6.1
1770072480    0.6   -6.1   -0.5    6.1
1770072540    0.6   -4.1   -4.2    5.9
1770072600    1.3   -4.4   -3.5    5.8
1770072660    0.8   -3.9   -4.2    5.8
1770072720    0.9   -3.7   -4.4    5.8
1770072780    0.2   -5.0   -3.1    5.9
1770072840   -0.1   -5.5   -3.0    6.2
1770072900    0.1   -5.5   -2.8    6.2
1770072960   -0.0   -5.6   -2.0    6.0
1770073020    0.8   -5.0   -2.6    5.7
1770073080    1.0   -5.5   -1.4    5.7
1770073140    0.2   -5.6   -2.8    6.3
1770073200    0.2   -5.4   -3.1    6.2
1770073260   -0.3   -5.6   -2.9    6.3
1770073320   -0.3   -5.6   -2.8    6.3
1770073380   -0.2   -5.3   -3.1    6.1
1770073440   -0.2   -5.1   -3.5    6.2
1770073500   -0.1   -6.0   -1.9    6.3
1770073560   -0.3   -5.8   -2.2    6.3
1770073620   -0.3   -5.7   -2.5    6.3
1770073680   -0.2   -5.8   -2.4    6.3
1770073740   -0.3   -5.9   -2.2    6.3
1770073800   -0.6   -6.0   -1.9    6.3
1770073860   -1.0   -6.1   -1.6    6.3
1770073920   -0.5   -6.0   -1.6    6.2
1770073980   -0.2   -6.0   -1.6    6.2
1770074040   -0.0   -5.9   -1.9    6.2
1770074100   -0.2   -5.8   -2.0    6.2
1770074160   -1.3   -6.0   -1.4    6.3
1770074220   -0.9   -6.1   -1.4    6.3
1770074280   -0.7   -6.0   -1.6    6.2
1770074340   -0.7   -6.0   -1.7    6.2
1770074400   -0.8   -5.9   -1.6    6.2
1770074460   -0.5   -5.9   -1.9    6.2
1770074520   -0.4   -5.8   -1.8    6.1
1770074580   -0.3   -5.8   -1.9    6.1
1770074640   -0.2   -5.8   -1.9    6.1
1770074700   -0.3   -5.8   -1.8    6.1
1770074760   -0.9   -5.8   -1.7    6.1
1770074820   -1.0   -5.9   -1.7    6.2
1770074880   -0.7   -5.8   -1.8    6.1
1770074940   -0.8   -5.7   -1.7    6.0
1770075000   -0.8   -5.8   -1.7    6.1
1770075060   -0.9   -5.8   -1.3    6.0
1770075120   -0.9   -5.8   -1.7    6.1
1770075180   -0.7   -5.9   -1.7    6.2
1770075240   -0.7   -5.9   -1.7    6.2
1770075300   -0.5   -5.9   -1.7    6.2
1770075360   -0.2   -5.7   -2.1    6.1
1770075420   -0.0   -5.7   -2.0    6.1
1770075480    0.2   -5.5   -2.4    6.0
1770075540    0.1   -5.6   -2.4    6.1
1770075600    0.2   -5.5   -2.6    6.1
1770075660    0.2   -5.7   -2.3    6.2
1770075720    0.1   -5.9   -2.1    6.3
1770075780   -0.1   -5.8   -2.3    6.3
1770075840   -0.0   -5.9   -2.2    6.3
1770075900   -0.2   -6.1   -1.5    6.3
1770075960   -0.2   -6.1   -1.8    6.3
1770076020   -0.1   -6.1   -1.7    6.3
1770076080    0.2   -5.9   -1.6    6.2
1770076140    0.6   -5.7   -2.1    6.1
1770076200    0.7   -5.5   -2.7    6.1
1770076260    0.6   -5.4   -2.8    6.1
1770076320    0.4   -5.3   -2.9    6.1
1770076380    0.6   -5.4   -2.7    6.1
1770076440    0.5   -5.3   -3.0    6.1
1770076500    0.6   -5.5   -2.5    6.1
1770076560    0.2   -5.3   -2.8    6.1
1770076620    0.3   -5.0   -3.3    6.0
1770076680    1.7   -2.7   -4.3    5.4
1770076740    1.8   -3.0   -4.1    5.4
1770076800    1.8   -3.2   -3.9    5.4
1770076860    1.6   -3.6   -3.6    5.3
1770076920    0.9   -4.1   -3.7    5.6
1770076980    1.1   -4.1   -3.6    5.5
1770077040    0.9   -4.8   -3.2    5.8
1770077100    0.8   -4.8   -3.2    5.8
1770077160    0.6   -4.9   -3.1    5.9
1770077220    0.6   -4.6   -3.5    5.9
1770077280    1.3   -4.5   -2.8    5.4
1770077340    1.6   -4.4   -2.8    5.4
1770077400    0.5   -5.4   -2.5    6.0
1770077460    0.6   -5.3   -2.7    5.9
1770077520    0.8   -5.3   -2.5    5.9
1770077580    0.7   -5.3   -2.4    5.8
1770077640    0.9   -5.3   -2.3    5.8
1770077700    0.5   -5.5   -2.1    5.9
1770077760    0.2   -5.8   -1.7    6.0
1770077820    0.2   -5.8   -1.5    6.0
1770077880    0.0   -5.8   -1.6    6.0
1770077940   -0.0   -5.8   -1.5    6.0
1770078000   -0.3   -5.9   -1.4    6.1
1770078060   -0.3   -6.0   -1.3    6.1
1770078120   -0.1   -5.9   -1.3    6.0
1770078180   -0.2   -5.9   -0.9    6.0
1770078240   -0.2   -5.9   -1.0    6.0
1770078300   -0.3   -5.9   -1.1    6.0
1770078360   -0.4   -5.9   -0.9    5.9
1770078420   -0.6   -5.9   -0.7    6.0
1770078480   -0.7   -5.9   -0.7    6.0
1770078540   -0.8   -6.0   -0.4    6.0
1770078600   -0.6   -5.9   -1.2    6.0
1770078660   -0.4   -5.9   -1.3    6.1
1770078720   -0.5   -5.9   -1.3    6.1
1770078780   -0.3   -5.8   -1.5    6.0
1770078840   -0.8   -5.9   -1.2    6.1
1770078900   -1.2   -6.1   -0.9    6.3
1770078960   -1.1   -6.1   -0.7    6.2
1770079020   -1.0   -6.0   -0.7    6.2
1770079080   -1.0   -6.0   -0.8    6.2
1770079140   -0.7   -6.0   -1.0    6.1
1770079200   -0.7   -6.0   -1.2    6.2
1770079260   -0.7   -6.0   -1.4    6.2
1770079320   -0.6   -6.0   -1.4    6.2
1770079380   -0.4   -6.0   -1.2    6.2
1770079440   -0.9   -6.1   -1.1    6.3
1770079500   -0.4   -5.9   -1.9    6.2
1770079560   -0.3   -5.9   -1.9    6.2
1770079620   -0.4   -5.9   -1.8    6.2
1770079680   -0.2   -5.6   -2.0    5.9
1770079740   -0.3   -5.7   -1.6    5.9
1770079800   -0.3   -5.6   -1.8    5.8
1770079860   -1.0   -5.6   -1.7    6.0
1770079920    0.0   -5.6   -1.5    5.8
1770079980   -0.5   -5.7   -1.4    5.9
1770080040   -0.2   -5.8   -0.9    5.9
1770080100   -0.1   -5.9   -0.4    5.9
1770080160    0.3   -5.8   -1.0    5.9
1770080220    0.1   -5.8   -1.3    5.9
1770080280    0.1   -5.7   -1.5    5.9
1770080340   -0.1   -5.7   -1.6    5.9
1770080400    0.0   -5.7   -1.5    5.9
1770080460   -0.2   -5.8   -1.3    6.0
1770080520   -0.3   -5.9   -1.1    6.0
1770080580   -0.4   -5.9   -1.2    6.1
1770080640   -0.3   -6.0   -0.7    6.1
1770080700   -0.5   -5.9   -1.1    6.1
1770080760   -0.6   -6.0   -1.2    6.1
1770080820   -0.4   -6.0   -1.3    6.1
1770080880   -0.3   -6.0   -1.3    6.1
1770080940   -0.5   -6.0   -1.4    6.1
1770081000   -0.3   -5.9   -1.5    6.1
1770081060   -0.2   -5.9   -1.6    6.1
1770081120   -0.5   -5.9   -1.6    6.1
1770081180   -0.9   -5.9   -1.3    6.2
1770081240   -1.1   -5.8   -1.7    6.1
1770081300   -1.0   -5.8   -1.8    6.2
1770081360   -0.8   -5.8   -1.8    6.2
1770081420   -1.3   -5.8   -1.9    6.3
1770081480   -1.0   -5.6   -2.1    6.1
1770081540   -0.4   -5.5   -2.3    6.0
1770081600   -0.4   -5.6   -2.2    6.0
1770081660   -0.5   -5.8   -2.0    6.1
1770081720   -0.2   -5.6   -2.2    6.0
1770081780   -0.3   -5.8   -1.9    6.1
1770081840   -0.3   -6.0   -1.6    6.2
1770081900   -0.8   -5.8   -1.6    6.1
1770081960   -0.8   -5.9   -1.3    6.1
1770082020   -1.0   -5.9   -1.7    6.2
1770082080   -0.9   -5.6   -2.2    6.1
1770082140   -0.8   -5.7   -2.2    6.1
1770082200   -0.5   -5.7   -2.0    6.0
1770082260   -0.3   -5.6   -2.0    6.0
1770082320   -0.5   -5.6   -2.0    6.0
1770082380   -0.6   -5.5   -2.1    6.0
1770082440   -0.5   -5.6   -2.0    6.0
1770082500   -0.4   -5.8   -1.5    6.0
1770082560   -0.2   -5.6   -2.1    6.0
1770082620    0.1   -5.3   -2.5    5.9
1770082680   -0.0   -5.4   -2.4    5.9
1770082740   -0.4   -5.5   -2.3    6.0
1770082800    0.3   -5.2   -2.9    5.9
1770082860   -0.3   -5.6   -1.8    5.9
1770082920   -0.5   -5.5   -1.9    5.9
1770082980   -0.2   -5.5   -2.2    5.9
1770083040    0.3   -5.1   -3.0    5.9
1770083100    0.5   -4.8   -3.3    5.8
1770083160    0.2   -4.7   -3.3    5.7
1770083220    0.4   -4.9   -2.9    5.7
1770083280    0.4   -5.2   -2.7    5.8
1770083340    0.3   -5.1   -2.7    5.8
1770083400    0.4   -4.9   -2.7    5.6
1770083460    0.2   -4.9   -2.7    5.6
1770083520    0.4   -5.0   -2.6    5.6
1770083580    0.5   -4.9   -2.6    5.6
1770083640    0.2   -4.9   -2.7    5.6
1770083700    0.3   -4.9   -2.6    5.6
1770083760    0.4   -5.0   -2.5    5.6
1770083820    0.5   -5.1   -2.1    5.6
1770083880    0.6   -5.1   -2.5    5.7
1770083940    0.4   -4.9   -2.8    5.7
1770084000    0.7   -4.9   -2.8    5.7
1770084060    1.0   -4.9   -2.7    5.6
1770084120    1.0   -4.6   -2.9    5.6
1770084180    1.0   -4.7   -2.8    5.6
1770084240    1.1   -4.3   -3.1    5.5
1770084300    0.6   -4.5   -3.0    5.5
1770084360    0.5   -4.5   -3.1    5.4
1770084420    0.1   -4.6   -3.0    5.5
1770084480    0.5   -4.5   -2.9    5.4
1770084540    0.5   -3.7   -3.8    5.3
1770084600    0.8   -4.3   -3.1    5.4
1770084660    0.7   -4.9   -1.9    5.3
1770084720    0.5   -5.1   -1.7    5.4
1770084780    0.5   -5.0   -1.7    5.3
1770084840    0.5   -5.0   -1.4    5.2
1770084900    0.8   -5.0   -1.4    5.2
1770084960    0.5   -5.1   -1.6    5.3
1770085020    0.6   -5.1   -1.3    5.3
1770085080    0.8   -5.2   -1.4    5.4
1770085140    0.8   -5.0   -1.8    5.3
1770085200   -0.2   -4.8   -2.5    5.4
1770085260    0.5   -4.7   -2.3    5.3
1770085320    0.5   -4.7   -2.5    5.3
1770085380    0.5   -4.4   -2.7    5.2
1770085440    0.5   -5.0   -1.9    5.4
1770085500    0.4   -4.9   -1.9    5.2
1770085560    0.4   -4.8   -1.8    5.2
1770085620    0.2   -4.9   -1.9    5.2
1770085680    0.2   -4.9   -1.9    5.2
1770085740   -0.0   -4.9   -1.8    5.3
1770085800    0.0   -4.9   -1.9    5.3
1770085860    0.4   -4.5   -2.4    5.1
1770085920   -0.5   -5.1   -1.6    5.3
1770085980   -0.3   -4.9   -1.7    5.2
1770086040   -0.1   -4.9   -1.6    5.2
1770086100    0.1   -5.0   -1.3    5.1
1770086160    0.6   -4.7   -1.8    5.1
1770086220    0.5   -4.8   -1.7    5.1
1770086280    0.5   -4.8   -1.9    5.2
1770086340    0.5   -4.7   -1.9    5.1
1770086400    0.6   -4.8   -1.8    5.2
1770086460    0.6   -4.8   -1.9    5.2
1770086520    0.5   -4.8   -1.8    5.2
1770086580    0.4   -4.7   -1.8    5.1
1770086640    0.7   -4.8   -1.6    5.1
1770086700    0.6   -4.8   -1.7    5.1
1770086760    0.6   -4.8   -1.7    5.1
1770086820    0.7   -4.8   -1.7    5.2
1770086880    0.6   -5.0   -1.4    5.2
1770086940    0.7   -5.0   -1.4    5.2
1770087000    0.8   -5.1   -1.3    5.3
1770087060    0.8   -5.0   -1.0    5.2
1770087120    0.6   -5.1   -1.1    5.2
1770087180    0.5   -5.0   -1.3    5.1
1770087240    0.3   -4.8   -1.5    5.1
1770087300    0.3   -4.9   -1.5    5.1
1770087360    0.2   -4.9   -1.5    5.1
1770087420    0.5   -4.7   -1.6    5.0
1770087480    0.8   -4.5   -2.2    5.0
1770087540    1.0   -4.2   -2.5    5.0
1770087600    1.1   -4.0   -2.9    5.0
1770087660    1.3   -3.8   -3.1    5.1
1770087720    1.1   -3.6   -3.3    5.0
1770087780    1.1   -3.6   -3.1    4.9
1770087840    1.2   -3.6   -3.0    4.9
1770087900    1.3   -3.7   -3.0    4.9
1770087960    1.2   -3.7   -2.8    4.8
1770088020    1.1   -3.6   -3.0    4.8
1770088080    1.3   -3.2   -3.3    4.7
1770088140    1.5   -2.6   -3.7    4.8
1770088200    1.4   -2.5   -3.8    4.8
1770088260    1.5   -2.3   -3.8    4.7
1770088320    1.6   -2.3   -3.8    4.8
1770088380    1.5   -2.4   -3.8    4.7
1770088440    1.6   -2.4   -3.7    4.7
1770088500    1.6   -2.3   -3.8    4.7
1770088560    1.6   -2.5   -3.7    4.7
1770088620    1.6   -2.9   -3.4    4.7
1770088680    1.6   -3.1   -3.2    4.8
1770088740    1.8   -3.2   -3.1    4.8
1770088800    1.8   -3.3   -3.0    4.8
1770088860    2.0   -3.3   -2.7    4.8
1770088920    1.9   -3.3   -2.7    4.7
1770088980    2.1   -3.2   -2.9    4.8
1770089040    2.1   -3.1   -2.9    4.8
1770089100    2.3   -3.0   -2.9    4.7
1770089160    2.2   -3.1   -2.9    4.8
1770089220    2.2   -3.1   -2.8    4.8
1770089280    2.2   -3.2   -2.9    4.8
1770089340    2.6   -3.1   -2.7    4.8
1770089400    3.1   -3.3   -1.8    4.9
1770089460    2.9   -3.3   -2.0    4.8
1770089520    2.8   -3.2   -2.4    4.9
1770089580    2.9   -3.4   -2.1    4.9
1770089640    2.8   -3.5   -2.0    4.9
1770089700    2.9   -3.5   -1.9    4.9
1770089760    2.8   -3.4   -2.1    4.9
1770089820    2.7   -3.6   -1.9    4.9
1770089880    2.1   -3.9   -2.3    5.0
1770089940    2.0   -3.8   -2.3    4.9
1770090000    2.0   -3.7   -2.4    4.8
1770090060    1.8   -3.8   -2.4    4.9
1770090120    1.7   -3.9   -2.5    4.9
1770090180    1.5   -3.9   -2.6    4.9
1770090240    1.4   -3.7   -2.9    4.9
1770090300    1.0   -3.7   -3.1    4.9
1770090360    1.7   -4.0   -2.2    4.9
1770090420    1.4   -3.9   -2.5    4.9
1770090480    1.1   -3.9   -2.8    4.9
1770090540    0.7   -3.8   -2.9    4.9
1770090600    2.7   -3.4   -1.2    4.5
1770090660    2.6   -3.4   -1.6    4.6
1770090720    2.4   -3.5   -1.7    4.6
1770090780    2.5   -3.5   -1.6    4.6
1770090840    2.6   -3.3   -1.7    4.6
1770090900    2.7   -3.4   -1.5    4.7
1770090960    2.9   -3.5   -1.2    4.7
1770091020    2.9   -3.5   -1.0    4.7
1770091080    2.6   -3.7   -1.4    4.7
1770091140    2.5   -3.4   -1.5    4.5
1770091200    2.6   -3.4   -1.5    4.6
1770091260    3.0   -3.3   -1.0    4.5
1770091320    3.2   -3.3   -1.1    4.7
1770091380    3.1   -3.2   -1.3    4.7
1770091440    2.8   -3.4   -1.6    4.7
1770091500    2.8   -3.5   -1.4    4.7
1770091560    3.0   -3.2   -1.3    4.6
1770091620    3.0   -3.4   -1.1    4.6
1770091680    2.9   -3.5   -1.0    4.6
1770091740    2.9   -3.3   -1.3    4.6
1770091800    3.0   -3.3   -1.2    4.6
1770091860    2.9   -3.3   -1.1    4.5
1770091920    3.0   -3.3   -1.0    4.6
1770091980    3.0   -3.3   -0.8    4.6
1770092040    3.0   -3.4   -0.8    4.6
1770092100    2.9   -3.5   -0.7    4.6
1770092160    3.2   -3.2   -0.9    4.6
1770092220    3.1   -3.2   -0.8    4.5
1770092280    2.9   -3.4   -0.9    4.6
1770092340    2.6   -3.7   -0.8    4.6
1770092400    2.6   -3.7   -0.9    4.6
1770092460    2.5   -3.7   -1.0    4.6
1770092520    2.5   -3.8   -1.0    4.7
1770092580    2.5   -3.7   -1.1    4.6
1770092640    2.8   -3.3   -1.2    4.5
1770092700    2.8   -3.2   -1.4    4.5
1770092760    2.9   -3.3   -1.2    4.5
1770092820    3.0   -3.0   -1.5    4.5
1770092880    2.8   -3.2   -1.5    4.5
1770092940    2.7   -3.3   -1.5    4.5
1770093000    1.0   -4.8   -1.0    5.0
1770093060    0.3   -5.3   -0.8    5.4
1770093120    0.1   -5.5   -0.6    5.5
1770093180    0.2   -5.5   -0.6    5.5
1770093240    0.4   -5.3   -0.8    5.4
1770093300    0.5   -5.3   -0.9    5.4
1770093360    0.3   -5.3   -0.7    5.4
1770093420    0.4   -5.3   -0.6    5.3
1770093480    0.6   -5.2   -0.8    5.3
1770093540    0.7   -5.1   -1.2    5.3
1770093600    0.5   -5.1   -0.6    5.2
1770093660    0.5   -5.0   -0.8    5.1
1770093720    0.5   -5.1   -1.0    5.3
1770093780    0.6   -5.1   -0.9    5.2
1770093840    0.6   -5.1   -1.0    5.2
1770093900    0.2   -5.1   -1.1    5.2
1770093960    0.1   -5.1   -1.2    5.3
1770094020    0.3   -5.2   -0.7    5.3
1770094080    0.5   -5.2   -0.0    5.2
1770094140    0.6   -5.1   -0.3    5.1
1770094200    0.4   -5.1   -0.5    5.1
1770094260   -0.0   -5.2   -0.5    5.2
1770094320    0.3   -5.1   -1.0    5.2
1770094380    0.6   -4.9   -0.9    5.1
1770094440    0.5   -4.9   -1.0    5.1
1770094500    0.6   -4.9   -1.3    5.1
1770094560    0.6   -4.9   -1.3    5.1
1770094620    0.7   -5.0   -1.3    5.2
1770094680    0.8   -4.9   -1.4    5.2
1770094740    0.9   -4.9   -1.3    5.2
1770094800    0.9   -4.9   -1.4    5.2
1770094860    0.7   -5.0   -1.3    5.2
1770094920    0.6   -5.1   -1.3    5.3
1770094980    0.7   -5.0   -1.4    5.2
1770095040    0.7   -4.9   -1.2    5.1
1770095100    1.1   -4.6   -1.3    4.9
1770095160    1.1   -4.5   -1.6    4.9
1770095220    0.6   -4.8   -1.2    5.0
1770095280    0.8   -4.6   -1.4    4.9
1770095340    0.6   -4.9   -0.7    5.0
1770095400    1.0   -4.5   -1.2    4.8
1770095460    2.5   -2.6   -2.6    4.5
1770095520    2.4   -2.7   -2.6    4.5
1770095580    2.4   -2.5   -2.6    4.3
1770095640    2.6   -2.2   -3.0    4.5
1770095700    2.8   -1.7   -3.0    4.5
1770095760    2.6   -2.0   -2.8    4.3
1770095820    2.8   -2.3   -2.8    4.6
1770095880    2.7   -2.4   -2.6    4.4
1770095940    2.6   -2.5   -2.4    4.3
1770096000    2.4   -3.4   -1.7    4.5
1770096060    2.3   -3.9   -1.2    4.7
1770096120    2.3   -3.6   -1.6    4.6
1770096180    2.3   -3.9   -1.0    4.7
1770096240    2.3   -2.8   -2.4    4.4
1770096300    2.1   -3.1   -2.3    4.4
1770096360    2.3   -3.1   -2.1    4.4
1770096420    2.2   -3.1   -2.3    4.4
1770096480    2.3   -3.0   -2.3    4.4
1770096540    2.4   -2.7   -2.5    4.4
1770096600    2.6   -2.7   -2.6    4.6
1770096660    2.6   -2.2   -2.9    4.5
1770096720    2.5   -1.8   -3.3    4.5
1770096780    2.7   -2.3   -2.8    4.5
1770096840    2.7   -2.4   -2.8    4.6
1770096900    2.6   -2.6   -2.6    4.5
1770096960    2.4   -2.6   -2.5    4.3
1770097020    2.3   -2.7   -2.4    4.3
1770097080    2.5   -2.7   -2.5    4.4
1770097140    2.6   -2.4   -2.8    4.5
1770097200    2.8   -2.6   -2.9    4.7
1770097260    2.6   -2.2   -3.0    4.6
1770097320    2.7   -2.2   -3.2    4.7
1770097380    2.8   -2.3   -3.1    4.8
1770097440    2.9   -2.4   -3.0    4.8
1770097500    3.0   -2.5   -2.9    4.8
1770097560    2.9   -2.4   -3.0    4.8
1770097620    2.9   -2.3   -3.1    4.8
1770097680    3.0   -2.4   -3.1    4.9
1770097740    3.0   -2.3   -3.1    4.9
1770097800    2.9   -2.2   -3.1    4.8
1770097860    2.9   -2.6   -3.0    4.9
1770097920    3.0   -2.4   -3.0    4.9
1770097980    3.0   -2.3   -3.2    4.9
1770098040    3.2   -1.9   -3.2    4.9
1770098100    3.1   -1.9   -3.3    4.9
1770098160    3.3   -1.9   -3.0    4.9
1770098220    3.4   -1.9   -3.1    5.0
1770098280    3.3   -1.9   -3.1    4.9
1770098340    3.4   -1.8   -3.0    4.9
1770098400    3.5   -2.1   -2.7    4.9
1770098460    3.5   -2.2   -2.7    4.9
1770098520    3.5   -1.9   -3.0    4.9
1770098580    3.6   -1.6   -3.0    4.9
1770098640    3.6   -1.4   -3.2    5.0
1770098700    3.5   -1.5   -3.3    5.1
1770098760    3.4   -1.3   -3.3    4.9
1770098820    3.5   -1.2   -3.3    5.0
1770098880    3.7   -1.2   -3.3    5.1
1770098940    3.7   -0.9   -3.3    5.1
1770099000    3.5   -1.4   -3.2    4.9
1770099060    3.4   -1.1   -3.3    4.9
1770099120    3.3   -1.1   -3.4    4.9
1770099180    3.3   -0.8   -3.5    4.9
1770099240    3.3   -0.7   -3.3    4.8
1770099300    3.4   -0.7   -3.4    4.9
1770099360    3.3   -0.6   -3.5    4.9
1770099420    3.4   -0.6   -3.4    4.8
1770099480    3.2   -0.3   -3.6    4.8
1770099540    3.3   -0.1   -3.5    4.8
1770099600    3.4   -0.7   -3.3    4.8
1770099660    3.3   -0.5   -3.5    4.8
1770099720    2.9   -0.1   -4.0    5.0
1770099780    3.0    0.1   -4.0    5.0
1770099840    3.3   -0.3   -3.7    4.9
1770099900    3.3   -0.2   -3.7    4.9
1770099960    3.3   -0.2   -3.8    5.0
1770100020    3.2   -0.1   -3.9    5.0
1770100080    3.2   -0.1   -3.8    5.0
1770100140    3.1   -0.0   -3.9    5.0
1770100200    3.2   -0.0   -4.0    5.1
1770100260    3.2    0.6   -3.8    5.0
1770100320    3.3   -0.5   -3.7    5.0
1770100380    3.4   -0.5   -3.7    5.0
1770100440    3.4   -0.4   -3.8    5.1
1770100500    3.3   -0.3   -3.8    5.0
1770100560    3.4   -0.3   -3.8    5.1
1770100620    3.3   -0.4   -3.7    5.0
1770100680    3.3   -0.4   -3.7    5.0
1770100740    3.3    0.3   -3.8    5.0
1770100800    3.3   -0.2   -3.8    5.0
1770100860    3.3    0.4   -3.6    4.9
1770100920    3.3    0.0   -3.6    4.9
1770100980    3.4   -0.2   -3.6    4.9
1770101040    3.4   -0.3   -3.5    4.9
1770101100    3.3   -0.4   -3.4    4.8
1770101160    3.4   -0.3   -3.4    4.8
1770101220    3.3   -0.3   -3.4    4.8
1770101280    3.2   -0.1   -3.7    4.9
1770101340    3.1   -0.1   -3.6    4.8
1770101400    3.0   -0.1   -3.7    4.8
1770101460    2.8   -0.1   -3.8    4.8
1770101520    2.8   -0.3   -3.6    4.5
1770101580    2.7   -0.7   -3.6    4.5
1770101640    2.9   -0.7   -3.5    4.6
1770101700    2.9   -0.6   -3.5    4.6
1770101760    2.8   -0.0   -3.6    4.5
1770101820    2.3    0.7   -3.8    4.5
1770101880    2.4    0.5   -3.9    4.6
1770101940    2.4    0.6   -3.9    4.6
1770102000    2.3    0.8   -3.8    4.5
1770102060    2.4    0.7   -3.8    4.6
1770102120    2.5    0.5   -3.9    4.7
1770102180    2.5    0.7   -3.9    4.7
1770102240    2.4    0.8   -3.9    4.7
1770102300    2.6    0.8   -3.6    4.5
1770105000    2.4   -2.3   -2.4    4.1
1770105120    2.2   -2.4   -2.2    4.0
1770105180    2.4   -2.1   -2.3    3.9
1770105240    2.7   -1.8   -2.1    3.9
1770105300    2.9   -1.5   -2.0    3.9
1770105360    2.3   -2.3   -2.0    3.8
1770105420    2.4   -2.7   -1.8    4.0
1770105480    2.4   -2.7   -1.9    4.1
1770105540    2.5   -2.4   -1.9    3.9
1770105600    2.3   -2.9   -1.6    4.0
1770105660    2.4   -2.9   -1.7    4.1
1770105720    2.6   -2.7   -1.7    4.1
1770105780    2.6   -2.6   -1.7    4.1
1770105840    2.4   -2.8   -1.7    4.0
1770105900    2.4   -2.7   -1.6    4.0
1770105960    2.4   -2.8   -1.7    4.1
1770106020    1.9   -3.3   -1.7    4.2
1770106080    1.7   -3.7   -1.6    4.3
1770106140    1.6   -3.6   -1.6    4.3
1770106200    1.5   -3.8   -1.4    4.3
1770106260    2.1   -3.7   -1.3    4.4
1770106320    2.3   -3.4   -1.1    4.3
1770106380    2.3   -3.7   -1.2    4.5
1770106440    2.2   -3.9   -1.5    4.7
1770106500    2.4   -3.9   -1.5    4.8
1770106560    2.4   -4.0   -1.4    4.8
1770106620    2.4   -3.8   -1.3    4.7
1770106680    1.9   -3.6   -1.6    4.4
1770106740    1.6   -3.7   -1.7    4.3
1770106800    1.5   -3.8   -1.4    4.3
1770106860    2.0   -3.9   -1.3    4.5
1770106920    2.0   -3.7   -1.2    4.4
1770106980    1.8   -3.7   -1.4    4.4
1770107040    2.0   -3.6   -1.3    4.3
1770107100    2.0   -3.7   -1.1    4.4
1770107160    2.0   -3.6   -1.0    4.2
1770107220    1.9   -3.6   -1.0    4.2
1770107280    1.9   -3.6   -0.9    4.2
1770107340    1.8   -3.8   -0.9    4.3
1770107400    2.0   -3.8   -0.7    4.3
1770107460    2.3   -3.5   -0.9    4.3
1770107520    2.1   -3.6   -0.9    4.3
1770107580    1.4   -4.1   -0.1    4.3
1770107640    1.2   -4.3    0.2    4.5
1770107700    1.8   -3.9   -0.6    4.3
1770107760    2.3   -3.3   -1.3    4.2
1770107820    2.3   -3.5   -1.2    4.3
1770107880    2.3   -3.4   -1.2    4.3
1770107940    2.3   -3.5   -1.2    4.3
1770108000    2.2   -3.5   -1.1    4.3
1770108060    2.1   -3.6   -0.9    4.2
1770108120    1.5   -4.0   -0.6    4.3
1770108180    1.4   -3.8   -0.7    4.1
1770108240    1.3   -4.1   -0.4    4.4
1770108300    1.7   -3.7   -0.6    4.2
1770108360    1.8   -3.7   -0.2    4.1
1770108420    1.9   -3.6   -0.6    4.1
1770108480    3.1   -2.2   -1.5    4.1
1770108540    3.1   -2.2   -1.8    4.2
1770108600    3.0   -2.2   -1.8    4.2
1770108660    3.0   -2.5   -1.6    4.2
1770108720    2.9   -2.7   -1.5    4.2
1770108780    2.7   -2.9   -1.3    4.2
1770108840    2.7   -3.0   -1.3    4.2
1770108900    2.6   -3.1   -1.3    4.3
1770108960    2.6   -3.0   -1.4    4.2
1770109020    2.6   -3.0   -1.4    4.2
1770109080    2.5   -3.0   -1.6    4.2
1770109140    2.0   -3.4   -0.9    4.1
1770109200    1.7   -3.7   -0.5    4.1
1770109260    1.7   -3.8   -0.2    4.1
1770109320    1.6   -3.8   -0.0    4.1
1770109380    1.6   -3.8   -0.1    4.1
1770109440    1.4   -3.8   -0.1    4.1
1770109500    1.4   -4.0   -0.2    4.2
1770109560    1.5   -4.0   -0.2    4.3
1770109620    1.5   -4.0   -0.2    4.3
1770109680    1.5   -4.0   -0.3    4.2
1770109740    1.4   -4.0   -0.3    4.2
1770109800    1.3   -3.9   -0.1    4.1
1770109860    0.7   -4.1    0.4    4.2
1770109920    0.4   -4.1    0.6    4.2
1770109980    0.4   -4.0    0.8    4.1
1770110040    2.0   -3.6   -0.3    4.1
1770110100    2.4   -3.5   -0.6    4.3
1770110160    2.3   -3.8   -0.3    4.4
1770110220    1.9   -4.0    0.0    4.4
1770110280    1.9   -4.1   -0.0    4.5
1770110340    1.9   -4.1    0.2    4.6
1770110400    1.6   -4.1    0.4    4.4
1770110460    1.4   -4.1    0.6    4.4
1770110520    1.1   -4.3    0.5    4.4
1770110580    1.3   -4.3    0.5    4.5
1770110640    1.3   -4.5    0.7    4.7
1770110700    1.6   -4.6    0.5    4.9
1770110760    1.7   -4.7    0.6    5.0
1770110820    1.8   -4.7    0.5    5.1
1770110880    1.8   -4.7    0.5    5.0
1770110940    1.9   -4.5    0.3    4.9
1770111000    2.2   -4.4    0.2    5.0
1770111060    2.0   -4.5    0.5    5.0
1770111120    2.0   -4.5    0.8    5.0
1770111180    2.0   -4.6    0.9    5.1
1770111240    2.1   -4.5    0.9    5.1
1770111300    2.0   -4.5    0.9    5.0
1770111360    2.0   -4.6    1.0    5.1
1770111420    2.1   -4.5    1.0    5.1
1770111480    1.9   -4.6    1.0    5.0
1770111540    1.9   -4.6    0.9    5.1
1770111600    2.0   -4.6    0.9    5.1
1770111660    2.0   -4.6    0.8    5.1
1770111720    2.0   -4.6    0.6    5.0
1770111780    2.1   -4.5    0.5    5.0
1770111840    2.1   -4.4    0.6    4.9
1770111900    2.1   -4.3    0.6    4.9
1770111960    2.1   -4.3    0.4    4.9
1770112020    2.0   -4.4    0.3    4.9
1770112080    1.8   -4.5    0.5    4.9
1770112140    1.8   -4.7    0.5    5.1
1770112200    1.7   -4.7    0.3    5.0
1770112260    1.6   -4.5    0.6    4.9
1770112320    1.6   -4.5    0.7    4.9
1770112380    1.8   -4.6    0.4    5.0
1770112440    2.0   -4.4    0.2    4.8
1770112500    2.0   -4.4    0.0    4.8
1770112560    1.9   -4.4   -0.4    4.8
1770112620    0.7   -4.1   -2.3    4.8
1770112680    1.0   -4.3   -2.1    4.9
1770112740    1.9   -4.2   -0.1    4.6
1770112800    1.9   -4.2   -0.1    4.6
1770112860    1.6   -4.3   -0.3    4.6
1770112920    0.9   -4.6   -0.8    4.7
1770112980    1.3   -4.3   -1.3    4.7
1770113040    0.9   -4.1   -2.1    4.7
1770113100    1.4   -4.1   -0.8    4.4
1770113160    1.6   -4.2   -0.4    4.6
1770113220    1.7   -4.3   -0.3    4.7
1770113280    1.8   -4.4   -0.3    4.8
1770113340    1.8   -4.4   -0.3    4.8
1770113400    1.8   -4.2   -0.1    4.6
1770113460    1.7   -4.3   -0.2    4.6
1770113520    1.6   -4.4   -0.2    4.7
1770113580    1.3   -4.2   -0.5    4.4
1770113640    0.7   -4.4   -0.8    4.6
1770113700    1.0   -4.3   -0.7    4.5
1770113760    0.8   -4.4   -0.9    4.6
1770113820    0.8   -4.4   -0.9    4.6
1770113880    0.8   -4.4   -1.2    4.6
1770113940    0.7   -4.2   -1.4    4.5
1770114000    0.9   -4.1   -1.1    4.4
1770114060    0.8   -4.1   -1.6    4.5
1770114120    0.5   -4.3   -1.7    4.7
1770114180    0.5   -4.8   -1.3    5.0
1770114240    0.6   -4.8   -1.1    4.9
1770114300    1.0   -4.7   -0.7    4.9
1770114360    1.1   -4.6   -1.3    4.9
1770114420    0.6   -4.7   -0.6    4.7
1770114480    0.5   -4.6   -0.4    4.7
1770114540    0.6   -4.5   -0.4    4.6
1770114600    0.5   -4.5   -0.2    4.5
1770114660    0.5   -4.5    0.1    4.5
1770114720    0.6   -4.6    0.2    4.6
1770114780    0.6   -4.7    0.1    4.8
1770114840    0.7   -4.9    0.5    5.0
1770114900    0.5   -4.9    0.4    4.9
1770114960    0.9   -4.8    0.2    4.9
1770115020    1.4   -4.6   -0.2    4.8
1770115080    1.5   -4.6    0.4    4.8
1770115140    1.2   -4.5    1.7    5.0
1770115200    1.2   -4.4    2.5    5.2
1770115260    1.3   -4.6    2.0    5.2
1770115320    1.2   -5.0    0.8    5.2
1770115380    1.4   -5.0    1.3    5.3
1770115440    1.5   -5.0    1.3    5.4
1770115500    1.5   -4.8    1.6    5.3
1770115560    1.3   -4.5    2.1    5.1
1770115620    1.2   -4.5    2.2    5.1
1770115680    1.2   -4.7    1.8    5.2
1770115740    1.2   -4.4    2.4    5.2
1770115800    1.3   -3.8    3.0    5.1
1770115860    1.4   -3.5    3.3    5.0
1770115920    1.6   -3.5    3.2    5.0
1770115980    1.4   -3.8    2.8    5.0
1770116040    1.5   -4.1    2.3    4.9
1770116100    1.2   -4.3    2.5    5.2
1770116160    1.2   -4.4    2.5    5.2
1770116220    1.2   -4.4    2.4    5.1
1770116280    1.2   -4.6    2.2    5.2
1770116340    1.2   -4.6    2.2    5.2
1770116400    1.1   -4.6    2.0    5.1
1770116520    1.0   -4.4    2.6    5.2
1770116580    0.9   -4.0    3.1    5.2
1770116640    0.9   -2.9    3.2    4.4
1770121080    2.2   -4.4   -1.4    5.1
1770121140    2.5   -4.2   -1.4    5.1
1770121200    2.1   -4.5    0.1    4.9
1770121260    2.4   -4.3   -0.4    5.0
1770121320    2.1   -4.5   -0.1    4.9
1770121380    2.4   -4.3    0.7    5.0
1770121440    2.8   -4.2    0.8    5.1
1770121500    2.7   -4.2    0.6    5.0
1770121560    2.9   -4.1    0.3    5.0
1770121620    2.8   -4.2   -0.1    5.0
1770121680    2.5   -4.3   -0.4    5.0
1770121740    2.1   -4.7   -0.3    5.1
1770121800    2.2   -4.2   -0.9    4.9
1770121860    2.4   -4.0   -1.2    4.8
1770121920    2.4   -4.3   -0.8    5.0
1770121980    2.3   -4.4   -0.7    5.0
1770122040    2.4   -4.4   -0.6    5.0
1770122100    2.4   -4.5   -0.6    5.1
1770122160    2.6   -4.5   -1.1    5.3
1770122220    2.6   -4.6   -1.1    5.4
1770122280    2.1   -5.2    0.3    5.6
1770122340    1.9   -5.4    0.7    5.8
1770122400    1.9   -5.3    0.4    5.7
1770122460    2.1   -5.2   -0.0    5.6
1770122520    2.4   -5.1   -0.1    5.6
1770122580    2.5   -4.9   -0.3    5.5
1770122640    2.0   -4.6   -2.4    5.5
1770122700    2.6   -4.7   -1.2    5.5
1770122760    2.6   -4.5   -1.9    5.5
1770122820    2.5   -4.5   -2.0    5.5
1770122880    2.5   -3.8   -3.0    5.5
1770122940    2.3   -3.7   -3.1    5.4
1770123000    2.3   -4.1   -2.8    5.4
1770123060    2.2   -4.2   -2.7    5.4
1770123120    2.0   -3.8   -3.1    5.2
1770123180    1.7   -4.0   -2.9    5.3
1770123240    1.5   -4.3   -2.9    5.4
1770123300    1.2   -4.6   -2.6    5.4
1770123360    1.1   -4.8   -2.2    5.4
1770123420    1.1   -5.0   -1.6    5.3
1770123480    1.2   -5.1   -1.5    5.5
1770123540    1.3   -4.9   -1.5    5.3
1770123600    1.6   -4.8   -1.7    5.3
1770123660    1.5   -5.0   -1.5    5.4
1770123720    1.6   -5.0   -1.5    5.4
1770123780    1.6   -4.9   -1.4    5.4
1770123840    1.2   -5.1   -1.5    5.5
1770123900    1.3   -5.1   -1.2    5.5
1770123960    1.8   -4.9   -1.1    5.3
1770124020    2.2   -4.8   -1.0    5.4
1770124080    2.2   -4.7   -1.0    5.3
1770124140    2.0   -4.7   -1.3    5.2
1770124200    1.5   -4.9   -1.0    5.3
1770124260    1.6   -5.0   -0.9    5.3
1770124320    1.6   -5.0   -0.7    5.3
1770124380    1.6   -4.9   -0.6    5.2
1770124440    2.1   -4.8   -0.7    5.3
1770124500    2.0   -4.7   -1.2    5.3
1770124560    2.0   -4.5   -1.4    5.1
1770124620    2.0   -4.4   -1.4    5.0
1770124680    2.0   -4.8   -0.7    5.2
1770124740    2.3   -4.8   -0.1    5.4
1770124800    2.3   -4.8   -0.1    5.3
1770124860    2.0   -5.0   -0.2    5.4
1770124920    1.6   -5.1    0.1    5.3
1770124980    2.1   -4.5   -0.6    5.0
1770125040    2.3   -4.3   -0.7    5.0
1770125100    2.6   -3.9   -1.0    4.8
1770125160    2.6   -4.0   -1.1    4.9
1770125220    2.4   -4.6   -0.9    5.3
1770125280    2.9   -4.2   -1.3    5.3
1770125340    3.1   -4.1   -1.3    5.3
1770125400    3.1   -4.1   -1.5    5.4
1770125460    2.9   -4.3   -1.5    5.4
1770125520    2.9   -4.4   -1.3    5.4
1770125580    2.7   -4.5   -1.2    5.4
1770125640    3.0   -4.0   -1.3    5.2
1770125700    3.3   -3.7   -1.5    5.2
1770125760    3.3   -3.6   -1.5    5.1
1770125820    3.3   -3.6   -1.6    5.1
1770125880    3.2   -3.7   -1.3    5.1
1770125940    3.3   -3.5   -1.5    5.0
1770126000    3.3   -3.5   -1.3    4.9
1770126060    3.3   -3.2   -1.7    4.9
1770126120    3.2   -3.4   -1.5    4.9
1770126180    3.2   -3.4   -1.6    4.9
1770126240    3.3   -3.4   -1.1    4.9
1770126300    3.3   -3.5   -1.0    4.9
1770126360    3.5   -3.3   -1.1    4.9
1770126420    3.4   -3.4   -0.9    4.9
1770126480    3.3   -4.2    0.2    5.3
1770126540    3.4   -4.1    0.1    5.3
1770126600    3.5   -4.1   -0.1    5.4
1770126660    3.5   -4.1   -0.1    5.4
1770126720    3.5   -4.1   -0.3    5.4
1770126780    3.5   -4.0    0.1    5.3
1770126840    3.3   -4.1    0.0    5.2
1770126900    3.5   -3.8   -0.9    5.2
1770126960    3.4   -3.8   -0.9    5.2
1770127020    3.5   -3.6   -1.1    5.2
1770127080    3.7   -3.5   -1.2    5.2
1770127140    3.6   -3.7   -1.2    5.3
1770127200    3.5   -3.6   -1.2    5.2
1770127260    3.6   -3.7   -1.3    5.3
1770127320    3.5   -3.7   -1.3    5.3
1770127380    3.5   -3.6   -1.4    5.2
1770127440    3.7   -3.4   -1.6    5.2
1770127500    3.5   -3.9   -0.8    5.3
1770127560    3.4   -4.0   -0.3    5.3
1770127620    3.3   -4.2   -0.0    5.4
1770127680    2.9   -4.6    0.9    5.5
1770127740    3.0   -4.7    0.7    5.6
1770127800    2.8   -4.9    0.8    5.7
1770127860    2.3   -5.2    1.0    5.8
1770127920    2.1   -5.3    1.1    5.8
1770127980    3.2   -4.9    0.4    5.8
1770128040    2.8   -5.1    0.4    5.8
1770128100    2.5   -5.2    0.3    5.8
1770128160    3.2   -4.7   -0.1    5.6
1770128220    3.2   -4.8    0.0    5.7
1770128280    3.3   -4.7    0.2    5.8
1770128340    3.1   -4.9   -0.1    5.8
1770128400    3.2   -5.0   -0.1    5.9
1770128460    3.0   -4.8    0.4    5.7
1770128520    3.2   -4.7   -0.0    5.7
1770128580    3.4   -4.8    0.2    5.9
1770128640    3.4   -4.5   -0.2    5.6
1770128700    3.4   -3.9   -2.2    5.6
1770128760    3.5   -4.3   -2.1    5.9
1770128820    3.6   -4.4   -2.7    6.3
1770128880    3.8   -4.6   -1.9    6.3
1770128940    3.7   -4.6   -2.2    6.3
1770129060    3.6   -4.3   -2.6    6.2
1770129120    3.4   -4.2   -2.7    6.1
1770129180    3.2   -4.2   -2.5    5.8
1770129240    3.4   -4.3   -2.4    6.0
1770129300    3.8   -4.6   -2.2    6.4
1770129360    3.4   -4.1   -2.8    6.0
1770129420    3.3   -3.9   -2.6    5.7
1770129480    2.9   -3.8   -2.8    5.6
1770129540    2.9   -3.8   -3.1    5.7
1770129600    2.9   -3.7   -3.0    5.6
1770129660    2.8   -3.6   -3.5    5.8
1770129720    2.7   -3.6   -3.9    6.0
1770129780    3.5   -4.0   -2.9    6.1
1770129840    3.8   -4.1   -2.4    6.1
1770129900    3.7   -4.2   -2.6    6.2
1770129960    3.4   -3.5   -3.3    5.9
1770130020    3.3   -3.2   -3.4    5.7
1770130080    3.5   -3.3   -3.1    5.8
1770130140    3.8   -3.6   -2.8    5.9
1770130200    4.0   -3.7   -2.7    6.1
1770130260    4.2   -3.7   -2.8    6.2
1770130320    4.1   -4.1   -2.1    6.2
1770130380    4.2   -4.0   -2.3    6.2
1770130440    4.1   -4.0   -2.2    6.1
1770130500    4.1   -3.9   -2.4    6.1
1770130620    4.2   -3.7   -2.7    6.3
1770130680    4.1   -3.6   -2.8    6.1
1770130740    3.8   -3.8   -2.9    6.1
1770130800    4.1   -3.7   -2.6    6.1
1770130860    4.0   -3.7   -2.8    6.1
1770130920    4.1   -3.5   -2.9    6.1
1770130980    3.9   -4.1   -2.3    6.1
1770131040    3.8   -4.3   -2.2    6.2
1770131100    3.7   -4.3   -2.1    6.0
1770131160    3.8   -4.2   -2.1    6.0
1770131220    3.6   -4.3   -2.3    6.0
1770131280    3.5   -4.5   -2.0    6.0
1770131340    3.7   -4.1   -2.2    6.0
1770131400    3.8   -4.0   -2.3    6.0
1770131460    3.8   -4.1   -2.0    5.9
1770131520    3.7   -3.3   -3.0    5.8
1770131580    3.4   -2.6   -3.9    5.8
1770131640    3.6   -3.0   -3.2    5.7
1770131700    3.7   -3.3   -3.0    5.7
1770131760    3.7   -3.2   -3.0    5.7
1770131820    3.7   -3.1   -3.0    5.7
1770131880    3.7   -3.2   -3.0    5.7
1770131940    3.7   -2.9   -3.1    5.7
1770132000    3.8   -3.2   -2.9    5.8
1770132060    3.7   -3.1   -3.0    5.7
1770132120    3.5   -2.3   -3.6    5.5
1770132180    3.7   -2.4   -3.6    5.7
1770132240    3.8   -3.0   -3.5    6.0
1770132300    3.9   -2.6   -3.6    5.9
1770132360    3.7   -3.3   -2.9    5.7
1770132420    3.7   -3.5   -2.7    5.8
1770132480    3.8   -3.7   -2.5    5.9
1770132540    3.8   -3.7   -2.3    5.8
1770132600    3.7   -3.7   -2.4    5.8
1770132660    3.8   -3.9   -2.4    5.9
1770132720    3.7   -4.5   -2.0    6.1
1770132780    3.6   -4.4   -2.0    6.1
1770132840    3.5   -4.4   -2.1    6.0
1770132900    3.7   -4.4   -2.2    6.2
1770132960    4.0   -4.4   -2.4    6.4
1770133020    4.0   -3.9   -3.2    6.5
1770133080    4.6   -3.4   -3.3    6.6
1770133140    4.5   -4.0   -2.7    6.6
1770133200    4.4   -4.5   -2.4    6.7
1770133260    4.2   -4.7   -2.5    6.7
1770133320    3.7   -5.1   -2.3    6.7
1770133380    3.5   -5.5   -1.7    6.8
1770133440    3.1   -5.8   -1.6    6.8
1770133500    3.4   -6.0   -1.6    7.1
1770133560    3.5   -5.9   -1.8    7.1
1770133620    3.5   -5.8   -2.2    7.1
1770133680    3.6   -5.9   -2.2    7.3
1770133740    3.7   -6.2   -2.1    7.5
1770133800    3.7   -6.2   -2.2    7.6
1770133860    3.8   -6.0   -2.4    7.5
1770133920    3.8   -6.1   -2.4    7.6
1770133980    3.7   -6.2   -2.3    7.6
1770134040    3.7   -6.2   -2.1    7.5
1770134100    3.6   -6.1   -2.5    7.5
1770134160    3.7   -6.1   -2.2    7.5
1770134220    3.9   -5.8   -2.5    7.4
1770134280    3.8   -5.7   -2.6    7.4
1770134400    3.7   -6.1   -2.2    7.5
1770134460    3.6   -6.1   -2.3    7.4
1770134520    3.8   -5.8   -2.7    7.4
1770134580    3.7   -5.8   -3.1    7.6
1770134640    4.2   -5.4   -3.2    7.6
1770134700    3.8   -5.7   -3.3    7.6
1770134760    3.9   -5.5   -3.5    7.6
1770134820    3.8   -5.3   -3.6    7.4
1770134880    3.3   -6.2   -1.5    7.2
1770134940    3.6   -6.1   -2.0    7.3
1770135000    3.7   -6.0   -2.8    7.6
1770135060    3.6   -5.9   -2.6    7.4
1770135120    3.8   -5.7   -2.7    7.3
1770135180    3.3   -6.4   -1.8    7.4
1770135240    3.4   -6.5   -1.7    7.5
1770135300    3.7   -6.3   -1.9    7.6
1770135360    4.0   -6.1   -1.9    7.5
1770135420    3.8   -6.3   -1.7    7.5
1770135480    3.8   -6.3   -1.6    7.5
1770135540    3.7   -5.8   -1.9    7.1
1770135600    3.5   -5.7   -1.7    6.9
1770135660    3.6   -5.6   -1.4    6.8
1770135720    3.5   -5.6   -1.4    6.7
1770135780    3.3   -5.6   -1.5    6.7
1770135840    3.4   -5.6   -1.3    6.7
1770135900    3.4   -5.7   -1.3    6.8
1770135960    3.5   -5.6   -1.4    6.7
1770136020    3.4   -5.7   -1.6    6.8
1770136080    3.3   -6.0   -1.2    6.9
1770136140    3.6   -5.6   -1.8    6.9
1770136200    3.8   -5.5   -1.1    6.8
1770136260    3.7   -5.6   -1.2    6.9
1770136320    3.6   -5.7   -1.2    6.8
1770136380    3.6   -5.7   -1.2    6.8
1770136440    3.6   -5.6   -1.2    6.8
1770136500    3.7   -5.7   -2.0    7.1
1770136560    3.6   -5.0   -2.7    6.8
1770136620    3.6   -5.1   -2.6    6.7
1770136680    3.4   -5.2   -2.7    6.8
1770136740    3.5   -4.8   -2.8    6.6
1770136800    3.5   -4.8   -2.9    6.6
1770136860    3.4   -4.9   -2.9    6.7
1770136920    3.3   -5.1   -2.8    6.7
1770136980    3.3   -4.7   -2.9    6.4
1770137040    3.5   -4.5   -3.3    6.7
1770137100    3.5   -4.3   -3.6    6.6
1770137160    3.2   -4.2   -3.6    6.4
1770137220    3.6   -4.1   -3.8    6.6
1770137280    3.4   -4.0   -3.7    6.4
1770137340    3.4   -4.0   -3.6    6.4
1770137400    3.3   -4.0   -3.7    6.4
1770137460    3.2   -4.1   -3.8    6.4
1770137520    3.3   -3.9   -3.7    6.3
1770137580    3.3   -4.0   -4.0    6.6
1770137640    3.3   -4.2   -3.8    6.5
1770137700    3.2   -4.9   -3.3    6.7
1770137760    3.2   -5.8   -2.4    7.1
1770137820    3.4   -5.4   -3.0    7.0
1770137880    3.3   -5.6   -2.6    7.0
1770137940    3.1   -6.0   -1.9    7.0
1770138000    3.2   -6.1   -1.5    7.1
1770138060    3.3   -6.0   -1.6    7.1
1770138120    3.3   -5.9   -2.0    7.1
1770138180    3.3   -5.6   -2.6    7.0
1770138240    2.1   -6.5   -1.4    7.0
1770138300    1.9   -6.5   -1.4    6.9
1770138360    1.9   -6.6   -1.2    7.0
1770138420    1.7   -6.6   -1.3    6.9
1770138480    1.4   -6.7   -0.9    6.9
1770138540    1.3   -6.7   -0.7    6.9
1770138600    0.9   -6.9   -0.3    7.0
1770138660    0.3   -7.1    0.2    7.1
1770138720    0.2   -7.1    0.2    7.2
1770138780    0.2   -7.1    0.2    7.1
1770138840   -0.0   -7.0    0.3    7.1
1770138900   -0.1   -7.0    0.5    7.0
1770138960   -0.0   -7.0    0.5    7.1
1770139020   -0.1   -7.0    0.6    7.0
1770139080   -0.1   -7.0    0.6    7.0
1770139140   -0.1   -7.0    0.6    7.0
1770139200   -0.1   -7.0    0.5    7.0
1770139260    0.2   -7.0    0.6    7.0
1770139320    0.2   -6.9    0.6    7.0
1770139380   -0.1   -7.0    0.8    7.0
1770139440    0.3   -7.0    0.6    7.0
1770139500    0.7   -7.0    0.4    7.1
1770139560    1.0   -7.0    0.1    7.1
1770139620    0.7   -7.2    0.5    7.2
1770139680    1.0   -6.8    0.2    6.9
1770139740    1.7   -6.6   -0.4    6.8
1770139800    2.4   -6.7   -1.0    7.1
1770139860    2.6   -6.4   -1.3    7.0
1770139920    2.9   -6.3   -1.2    7.0
1770139980    3.1   -6.1   -1.4    7.0
1770140040    2.8   -6.0   -1.3    6.8
1770140100    2.9   -6.0   -1.6    6.8
1770140160    2.8   -5.7   -2.0    6.7
1770140220    2.9   -5.7   -2.3    6.7
1770140280    3.0   -5.4   -2.3    6.7
1770140340    3.2   -5.3   -2.3    6.6
1770140400    3.2   -5.0   -2.5    6.4
1770140460    3.1   -4.8   -2.3    6.2
1770140520    3.1   -4.7   -2.3    6.0
1770140580    3.2   -4.6   -2.5    6.1
1770140640    3.3   -4.4   -2.7    6.2
1770140700    3.9   -3.4   -3.3    6.1
1770140760    3.9   -3.5   -3.2    6.1
1770140820    3.8   -3.8   -3.1    6.2
1770140880    3.7   -3.9   -3.1    6.2
1770140940    3.6   -4.0   -3.0    6.1
1770141000    3.7   -3.7   -3.1    6.1
1770141060    3.8   -3.4   -3.2    6.0
1770141120    3.8   -3.3   -3.1    5.9
1770141180    3.8   -3.3   -3.1    5.9
1770141240    3.9   -3.3   -3.2    6.0
1770141300    3.8   -3.4   -3.2    6.1
1770141360    3.8   -3.6   -3.1    6.1
1770141420    4.0   -3.8   -2.9    6.2
1770141480    3.8   -3.7   -3.0    6.1
1770141540    3.8   -3.6   -3.1    6.1
1770141600    3.9   -3.7   -3.1    6.2
1770141660    4.0   -3.8   -3.0    6.2
1770141720    4.1   -3.6   -3.1    6.3
1770141780    4.2   -3.5   -3.1    6.3
1770141840    4.2   -3.1   -3.3    6.2
1770141900    4.2   -3.4   -3.1    6.2
1770141960    4.5   -3.2   -3.0    6.3
1770142020    4.3   -3.3   -3.2    6.3
1770142080    4.4   -3.0   -3.4    6.3
1770142140    4.5   -2.8   -3.5    6.4
1770142200    4.7   -4.4   -3.1    7.1
1770142260    4.9   -4.6   -3.1    7.4
1770142320    4.8   -4.7   -3.1    7.4
1770142380    4.6   -4.8   -3.2    7.4
1770142440    4.6   -5.0   -3.2    7.5
1770142500    4.6   -4.4   -3.4    7.2
1770142560    4.8   -3.8   -3.6    7.1
1770142620    5.0   -3.5   -3.8    7.2
1770142680    5.2   -3.5   -3.9    7.4
1770142740    5.2   -3.3   -4.0    7.4
1770142800    5.2   -3.3   -3.9    7.3
1770142860    5.3   -3.3   -4.0    7.4
1770142920    5.2   -3.3   -3.9    7.3
1770142980    5.3   -3.0   -4.0    7.2
1770143040    5.4   -2.2   -4.1    7.1
1770143100    5.4   -2.0   -4.2    7.1
1770143160    5.4   -2.3   -4.1    7.1
1770143220    5.4   -2.4   -4.1    7.2
1770143280    5.4   -2.3   -4.0    7.1
1770143340    5.4   -2.3   -4.0    7.0
1770143400    5.3   -2.3   -3.9    7.0
1770143460    5.4   -2.1   -3.9    7.0
1770143520    5.5   -1.7   -4.1    7.0
1770143580    5.6   -1.6   -4.1    7.1
1770143640    5.3   -1.6   -4.0    6.8
1770143700   -0.7    2.6   -1.7    3.2
1770143760   -0.7    2.4   -1.3    2.8
1770143820   -1.4    2.8   -0.8    3.2
1770143880   -1.7    3.0   -0.3    3.4
1770143940   -2.1    3.2   -0.2    3.8
1770144000   -1.9    3.0   -0.7    3.6
1770144060   -1.7    3.2   -0.7    3.7
1770144120   -1.6    3.3   -0.8    3.7
1770144180   -1.4    3.2   -1.0    3.6
1770144240   -1.2    3.2   -1.0    3.6
1770144300   -0.8    2.9   -1.1    3.2
1770144360   -0.6    2.9   -1.0    3.2
1770144420   -0.7    3.1   -1.4    3.4
1770144480   -1.0    3.2   -1.1    3.5
1770144540   -1.7    3.2   -0.4    3.6
1770144600   -2.9    3.5    0.8    4.6
1770144660   -4.2    3.3    2.0    5.7
1770144720   -4.7    2.8    2.4    6.0
1770144780   -4.9    6.4    0.5    8.1
1770144840   -5.7    6.0    1.0    8.3
1770144900   -5.7    5.9    1.2    8.3
1770144960   -5.5    5.9    2.1    8.3
1770145020   -6.1    5.2    3.1    8.5
1770145080   -6.2    4.7    3.9    8.7
1770145140   -6.2    5.4    3.5    8.9
1770145200   -6.3    5.1    3.7    8.9
1770145260   -6.3    5.3    3.7    9.0
1770145320   -6.1    5.5    3.5    9.0
1770145380   -6.1    5.7    3.3    9.0
1770145440   -6.1    5.7    3.2    9.0
1770145500   -6.2    5.6    3.3    9.0
1770145560   -6.1    5.9    2.9    9.0
1770145620   -6.0    6.0    2.6    8.9
1770145680   -5.4    6.4    2.6    8.8
1770145740   -5.5    6.3    2.6    8.8
1770145800   -5.6    6.3    2.5    8.8
1770145860   -5.8    6.2    2.5    8.8
1770145920   -6.1    5.8    2.9    8.9
1770145980   -6.3    5.6    3.2    9.0
1770146040   -6.4    5.8    3.1    9.2
1770146100   -6.5    5.7    3.1    9.2
1770146160   -6.3    5.9    3.1    9.1
1770146220   -5.9    6.3    2.9    9.1
1770146280   -5.7    6.5    2.9    9.1
1770146340   -5.3    6.8    2.8    9.1
1770146400   -6.2    6.1    3.0    9.2
1770146460   -6.6    5.5    3.2    9.2
1770146520   -6.9    5.1    3.3    9.2
1770146580   -6.8    5.4    3.2    9.2
1770146640   -6.3    6.0    2.7    9.1
1770146700   -6.1    6.2    2.5    9.0
1770146760   -6.1    6.3    2.7    9.2
1770146820   -5.9    6.5    2.5    9.2
1770146880   -5.8    6.6    2.4    9.1
1770146940   -5.4    6.8    2.1    8.9
1770147000   -5.6    6.7    2.2    9.0
1770147060   -5.8    6.3    2.6    9.0
1770147120   -5.9    6.1    2.7    8.9
1770147180   -5.8    6.1    2.7    8.8
1770147240   -5.9    6.2    2.6    8.9
1770147300   -5.8    6.3    2.7    8.9
1770147360   -5.6    6.7    1.9    9.0
1770147420   -5.8    6.3    2.4    8.9
1770147480   -6.0    6.3    2.2    8.9
1770147540   -5.7    6.5    2.2    8.9
1770147600   -5.5    6.6    2.0    8.8
1770147660   -5.6    6.6    1.9    8.9
1770147720   -6.0    6.4    1.7    8.9
1770147780   -6.6    5.9    1.4    9.0
1770147840   -5.4    6.7    2.1    8.9
1770147900   -5.6    6.6    2.1    8.8
1770147960   -5.5    6.6    1.9    8.8
1770148020   -5.1    6.9    2.4    8.9
1770148080   -5.6    6.6    2.0    8.9
1770148140   -5.4    6.7    2.1    8.9
1770148200   -5.3    6.8    2.4    9.0
1770148260   -5.7    6.6    2.2    9.0
1770148320   -5.5    6.5    2.2    8.8
1770148380   -5.8    6.5    2.1    9.0
1770148440   -5.8    6.5    2.2    9.0
1770148500   -5.9    6.4    2.3    9.0
1770148560   -6.0    5.8    3.1    8.9
1770148620   -5.9    6.2    2.7    9.0
1770148680   -6.2    6.0    2.5    9.0
1770148740   -6.2    5.8    2.8    8.9
1770148800   -6.1    6.0    2.7    8.9
1770148860   -6.0    6.1    2.6    8.9
1770148920   -5.5    6.6    2.4    8.9
1770148980   -5.6    5.8    3.9    8.9
1770149040   -5.6    6.2    3.3    9.0
1770149100   -5.3    6.6    2.9    8.9
1770149160   -5.0    6.8    2.8    8.9
1770149220   -5.5    6.7    2.2    8.9
1770149280   -5.4    6.9    1.8    8.9
1770149340   -5.1    6.8    2.1    8.8
1770149400   -5.0    7.1    2.2    9.0
1770149460   -4.9    7.2    1.3    8.9
1770149520   -5.5    6.9   -0.4    8.8
1770149580   -5.5    6.9    0.1    8.8
1770149640   -5.4    7.0    1.3    8.9
1770149700   -5.2    6.9    2.4    9.0
1770149760   -5.1    6.7    3.1    9.0
1770149820   -5.4    7.0    2.0    9.1
1770149880   -5.4    6.9    1.9    9.0
1770149940   -5.1    6.8    2.8    8.9
1770150000   -5.2    6.7    2.8    8.9
1770150060   -5.5    6.1    3.6    8.9
1770150120   -5.5    5.9    3.8    8.9
1770150180   -5.5    6.0    3.7    9.0
1770150240   -5.3    6.6    3.0    9.0
1770150300   -5.3    6.7    2.8    9.0
1770150360   -5.1    6.9    2.4    8.9
1770150420   -4.7    7.3    1.8    8.9
1770150480   -4.7    7.4    1.6    8.9
1770150540   -4.7    7.4    1.7    8.9
1770150600   -4.4    7.3    2.4    8.9
1770150660   -4.1    7.6    1.7    8.7
1770150720   -4.0    7.6    0.8    8.7
1770150780   -4.1    7.7    0.5    8.7
1770150840   -4.4    7.5    1.2    8.8
1770150900   -4.6    7.3    2.1    8.8
1770150960   -4.4    7.2    2.4    8.8
1770151020   -4.5    7.2    2.2    8.8
1770151080   -3.5    7.8    0.5    8.5
1770151140   -4.4    7.4    1.7    8.8
1770151200   -4.3    7.3    1.8    8.7
1770151260   -4.1    7.4    1.8    8.6
1770151320   -4.4    7.2    2.0    8.7
1770151380   -4.5    7.2    2.3    8.8
1770151440   -6.2    5.8    3.0    9.0
1770151500   -5.9    6.1    2.9    9.0
1770151560   -5.0    6.7    2.6    8.8
1770151620   -6.0    5.7    3.0    8.8
1770151680   -6.4    5.4    3.5    9.0
1770151740   -6.5    5.4    3.5    9.1
1770151800   -6.7    5.2    3.5    9.1
1770151860   -7.5    3.8    3.8    9.2
1770151920   -7.9    1.1    4.6    9.2
1770151980   -7.8    2.1    4.5    9.2
