1770066362 23
1770068162 23
1770069961 24
1770071761 25
1770073561 26
1770075361 26
1770077161 26
1770078961 26
1770080762 26
1770082561 26
1770084362 26
1770086162 26
1770087962 25
1770089761 26
1770091562 25
1770093361 24
1770095161 24
1770096961 23
1770098761 24
1770100561 25
1770102361 26
1770104161 27
1770105962 26
1770107761 25
1770109561 24
1770111361 23
1770113161 21
1770114962 21
1770116762 19
1770118562 18
1770120361 16
1770122161 18
1770123962 18
1770125761 19
1770127561 19
1770129361 20
1770131162 21
1770132961 24
1770134761 25
1770136561 26
1770138361 26
1770140161 26
1770141961 26
1770143762 28
1770145562 26
1770147362 23
1770149162 22
1770150961 20
1770152761 19
