89 -178 0
89 -174 0
89 -170 0
89 -166 0
89 -162 0
89 -158 0
89 -154 0
89 -150 0
89 -146 0
89 -142 0
89 -138 0
89 -134 0
89 -130 0
89 -126 0
89 -122 0
89 -118 0
89 -114 0
89 -110 0
89 -106 0
89 -102 0
89 -98 0
89 -94 0
89 -90 0
89 -86 0
89 -82 0
89 -78 0
89 -74 0
89 -70 0
89 -66 0
89 -62 0
89 -58 0
89 -54 0
89 -50 0
89 -46 0
89 -42 0
89 -38 0
89 -34 0
89 -30 0
89 -26 0
89 -22 0
89 -18 0
89 -14 0
89 -10 0
89 -6 0
89 -2 0
89 2 0
89 6 0
89 10 0
89 14 0
89 18 0
89 22 0
89 26 0
89 30 0
89 34 0
89 38 0
89 42 0
89 46 0
89 50 0
89 54 0
89 58 0
89 62 0
89 66 0
89 70 0
89 74 0
89 78 0
89 82 0
89 86 0
89 90 0
89 94 0
89 98 0
89 102 0
89 106 0
89 110 0
89 114 0
89 118 0
89 122 0
89 126 0
89 130 0
89 134 0
89 138 0
89 142 0
89 146 0
89 150 0
89 154 0
89 158 0
89 162 0
89 166 0
89 170 0
89 174 0
89 178 0
87 -178 0
87 -174 0
87 -170 0
87 -166 0
87 -162 0
87 -158 0
87 -154 0
87 -150 0
87 -146 0
87 -142 0
87 -138 0
87 -134 0
87 -130 0
87 -126 0
87 -122 0
87 -118 0
87 -114 0
87 -110 0
87 -106 0
87 -102 0
87 -98 0
87 -94 0
87 -90 0
87 -86 0
87 -82 0
87 -78 0
87 -74 0
87 -70 0
87 -66 0
87 -62 0
87 -58 0
87 -54 0
87 -50 0
87 -46 0
87 -42 0
87 -38 0
87 -34 0
87 -30 0
87 -26 0
87 -22 0
87 -18 0
87 -14 0
87 -10 0
87 -6 0
87 -2 0
87 2 0
87 6 0
87 10 0
87 14 0
87 18 0
87 22 0
87 26 0
87 30 0
87 34 0
87 38 0
87 42 0
87 46 0
87 50 0
87 54 0
87 58 0
87 62 0
87 66 0
87 70 0
87 74 0
87 78 0
87 82 0
87 86 0
87 90 0
87 94 0
87 98 0
87 102 0
87 106 0
87 110 0
87 114 0
87 118 0
87 122 0
87 126 0
87 130 0
87 134 0
87 138 0
87 142 0
87 146 0
87 150 0
87 154 0
87 158 0
87 162 0
87 166 0
87 170 0
87 174 0
87 178 0
85 -178 0
85 -174 0
85 -170 0
85 -166 0
85 -162 0
85 -158 0
85 -154 0
85 -150 0
85 -146 0
85 -142 0
85 -138 0
85 -134 0
85 -130 0
85 -126 0
85 -122 0
85 -118 0
85 -114 0
85 -110 0
85 -106 0
85 -102 0
85 -98 0
85 -94 0
85 -90 0
85 -86 0
85 -82 0
85 -78 0
85 -74 0
85 -70 0
85 -66 0
85 -62 0
85 -58 0
85 -54 0
85 -50 0
85 -46 0
85 -42 0
85 -38 0
85 -34 0
85 -30 0
85 -26 0
85 -22 0
85 -18 0
85 -14 0
85 -10 0
85 -6 0
85 -2 0
85 2 0
85 6 0
85 10 0
85 14 0
85 18 0
85 22 0
85 26 0
85 30 0
85 34 0
85 38 0
85 42 0
85 46 0
85 50 0
85 54 0
85 58 0
85 62 0
85 66 0
85 70 0
85 74 0
85 78 0
85 82 0
85 86 0
85 90 0
85 94 0
85 98 0
85 102 0
85 106 0
85 110 0
85 114 0
85 118 0
85 122 0
85 126 0
85 130 0
85 134 0
85 138 0
85 142 0
85 146 0
85 150 0
85 154 0
85 158 0
85 162 0
85 166 0
85 170 0
85 174 0
85 178 0
83 -178 0
83 -174 0
83 -170 0
83 -166 0
83 -162 0
83 -158 0
83 -154 0
83 -150 0
83 -146 0
83 -142 0
83 -138 0
83 -134 0
83 -130 0
83 -126 0
83 -122 0
83 -118 0
83 -114 0
83 -110 0
83 -106 0
83 -102 0
83 -98 0
83 -94 0
83 -90 0
83 -86 0
83 -82 0
83 -78 0
83 -74 0
83 -70 0
83 -66 0
83 -62 0
83 -58 0
83 -54 0
83 -50 0
83 -46 0
83 -42 0
83 -38 0
83 -34 0
83 -30 0
83 -26 0
83 -22 0
83 -18 0
83 -14 0
83 -10 0
83 -6 0
83 -2 0
83 2 0
83 6 0
83 10 0
83 14 0
83 18 0
83 22 0
83 26 0
83 30 0
83 34 0
83 38 0
83 42 0
83 46 0
83 50 0
83 54 0
83 58 0
83 62 0
83 66 0
83 70 0
83 74 0
83 78 0
83 82 0
83 86 0
83 90 0
83 94 0
83 98 0
83 102 0
83 106 0
83 110 0
83 114 0
83 118 0
83 122 0
83 126 0
83 130 0
83 134 0
83 138 0
83 142 0
83 146 0
83 150 0
83 154 0
83 158 0
83 162 0
83 166 0
83 170 0
83 174 0
83 178 0
81 -178 0
81 -174 0
81 -170 0
81 -166 0
81 -162 0
81 -158 0
81 -154 0
81 -150 0
81 -146 0
81 -142 0
81 -138 0
81 -134 0
81 -130 0
81 -126 0
81 -122 0
81 -118 0
81 -114 0
81 -110 0
81 -106 0
81 -102 0
81 -98 0
81 -94 0
81 -90 0
81 -86 0
81 -82 0
81 -78 0
81 -74 0
81 -70 0
81 -66 0
81 -62 0
81 -58 0
81 -54 0
81 -50 0
81 -46 0
81 -42 0
81 -38 0
81 -34 0
81 -30 0
81 -26 0
81 -22 0
81 -18 0
81 -14 0
81 -10 0
81 -6 0
81 -2 0
81 2 0
81 6 0
81 10 0
81 14 0
81 18 0
81 22 0
81 26 0
81 30 0
81 34 0
81 38 0
81 42 0
81 46 0
81 50 0
81 54 0
81 58 0
81 62 0
81 66 0
81 70 0
81 74 0
81 78 0
81 82 0
81 86 0
81 90 0
81 94 0
81 98 0
81 102 0
81 106 0
81 110 0
81 114 0
81 118 0
81 122 0
81 126 0
81 130 0
81 134 0
81 138 0
81 142 0
81 146 0
81 150 0
81 154 0
81 158 0
81 162 0
81 166 0
81 170 0
81 174 0
81 178 0
79 -178 0
79 -174 0
79 -170 0
79 -166 0
79 -162 0
79 -158 0
79 -154 0
79 -150 0
79 -146 0
79 -142 0
79 -138 0
79 -134 0
79 -130 0
79 -126 0
79 -122 0
79 -118 0
79 -114 0
79 -110 0
79 -106 0
79 -102 0
79 -98 0
79 -94 0
79 -90 0
79 -86 0
79 -82 0
79 -78 0
79 -74 0
79 -70 0
79 -66 0
79 -62 0
79 -58 0
79 -54 0
79 -50 0
79 -46 0
79 -42 0
79 -38 0
79 -34 0
79 -30 0
79 -26 0
79 -22 0
79 -18 0
79 -14 0
79 -10 0
79 -6 0
79 -2 0
79 2 0
79 6 0
79 10 0
79 14 0
79 18 0
79 22 0
79 26 0
79 30 0
79 34 0
79 38 0
79 42 0
79 46 0
79 50 0
79 54 0
79 58 0
79 62 0
79 66 0
79 70 0
79 74 0
79 78 0
79 82 0
79 86 0
79 90 0
79 94 0
79 98 0
79 102 0
79 106 0
79 110 0
79 114 0
79 118 0
79 122 0
79 126 0
79 130 0
79 134 0
79 138 0
79 142 0
79 146 0
79 150 0
79 154 0
79 158 0
79 162 0
79 166 0
79 170 0
79 174 0
79 178 0
77 -178 0
77 -174 0
77 -170 0
77 -166 0
77 -162 0
77 -158 0
77 -154 0
77 -150 0
77 -146 0
77 -142 0
77 -138 0
77 -134 0
77 -130 0
77 -126 0
77 -122 0
77 -118 0
77 -114 0
77 -110 0
77 -106 0
77 -102 0
77 -98 0
77 -94 0
77 -90 0
77 -86 0
77 -82 0
77 -78 0
77 -74 0
77 -70 0
77 -66 0
77 -62 0
77 -58 0
77 -54 0
77 -50 0
77 -46 0
77 -42 0
77 -38 0
77 -34 0
77 -30 0
77 -26 0
77 -22 0
77 -18 0
77 -14 0
77 -10 0
77 -6 0
77 -2 0
77 2 0
77 6 0
77 10 0
77 14 0
77 18 0
77 22 0
77 26 0
77 30 0
77 34 0
77 38 0
77 42 0
77 46 0
77 50 0
77 54 0
77 58 0
77 62 0
77 66 0
77 70 0
77 74 0
77 78 0
77 82 0
77 86 0
77 90 0
77 94 0
77 98 0
77 102 0
77 106 0
77 110 0
77 114 0
77 118 0
77 122 0
77 126 0
77 130 0
77 134 0
77 138 0
77 142 0
77 146 0
77 150 0
77 154 0
77 158 0
77 162 0
77 166 0
77 170 0
77 174 0
77 178 0
75 -178 0
75 -174 0
75 -170 0
75 -166 0
75 -162 0
75 -158 0
75 -154 0
75 -150 0
75 -146 0
75 -142 0
75 -138 0
75 -134 0
75 -130 0
75 -126 0
75 -122 0
75 -118 0
75 -114 0
75 -110 0
75 -106 0
75 -102 0
75 -98 0
75 -94 0
75 -90 0
75 -86 0
75 -82 0
75 -78 0
75 -74 0
75 -70 0
75 -66 0
75 -62 0
75 -58 0
75 -54 0
75 -50 0
75 -46 0
75 -42 0
75 -38 0
75 -34 0
75 -30 0
75 -26 0
75 -22 0
75 -18 0
75 -14 0
75 -10 0
75 -6 0
75 -2 0
75 2 0
75 6 0
75 10 0
75 14 0
75 18 0
75 22 0
75 26 0
75 30 0
75 34 0
75 38 0
75 42 0
75 46 0
75 50 0
75 54 0
75 58 0
75 62 0
75 66 0
75 70 0
75 74 0
75 78 0
75 82 0
75 86 0
75 90 0
75 94 0
75 98 0
75 102 0
75 106 0
75 110 0
75 114 0
75 118 0
75 122 0
75 126 0
75 130 0
75 134 0
75 138 0
75 142 0
75 146 0
75 150 0
75 154 0
75 158 0
75 162 0
75 166 0
75 170 0
75 174 0
75 178 0
73 -178 0
73 -174 0
73 -170 0
73 -166 0
73 -162 0
73 -158 0
73 -154 0
73 -150 0
73 -146 0
73 -142 0
73 -138 0
73 -134 0
73 -130 0
73 -126 0
73 -122 0
73 -118 0
73 -114 0
73 -110 0
73 -106 0
73 -102 0
73 -98 0
73 -94 0
73 -90 0
73 -86 0
73 -82 0
73 -78 0
73 -74 0
73 -70 0
73 -66 0
73 -62 0
73 -58 0
73 -54 0
73 -50 0
73 -46 0
73 -42 0
73 -38 0
73 -34 0
73 -30 0
73 -26 0
73 -22 0
73 -18 0
73 -14 0
73 -10 0
73 -6 0
73 -2 0
73 2 0
73 6 0
73 10 0
73 14 0
73 18 0
73 22 0
73 26 0
73 30 0
73 34 0
73 38 0
73 42 0
73 46 0
73 50 0
73 54 0
73 58 0
73 62 0
73 66 0
73 70 0
73 74 0
73 78 0
73 82 0
73 86 0
73 90 0
73 94 0
73 98 0
73 102 0
73 106 0
73 110 0
73 114 0
73 118 0
73 122 0
73 126 0
73 130 0
73 134 0
73 138 0
73 142 0
73 146 0
73 150 0
73 154 0
73 158 0
73 162 0
73 166 0
73 170 0
73 174 0
73 178 0
71 -178 0
71 -174 0
71 -170 0
71 -166 0
71 -162 0
71 -158 0
71 -154 0
71 -150 0.2
71 -146 0.4
71 -142 0.6
71 -138 0.7
71 -134 0.8
71 -130 0.8
71 -126 0.8
71 -122 0.8
71 -118 0.7
71 -114 0.6
71 -110 0.5
71 -106 0.3
71 -102 0
71 -98 0
71 -94 0
71 -90 0
71 -86 0
71 -82 0
71 -78 0
71 -74 0
71 -70 0
71 -66 0
71 -62 0
71 -58 0
71 -54 0
71 -50 0
71 -46 0
71 -42 0
71 -38 0
71 -34 0
71 -30 0
71 -26 0
71 -22 0
71 -18 0
71 -14 0
71 -10 0
71 -6 0
71 -2 0
71 2 0
71 6 0
71 10 0
71 14 0
71 18 0
71 22 0
71 26 0
71 30 0
71 34 0
71 38 0
71 42 0
71 46 0
71 50 0
71 54 0
71 58 0
71 62 0
71 66 0
71 70 0
71 74 0
71 78 0
71 82 0
71 86 0
71 90 0
71 94 0
71 98 0
71 102 0
71 106 0
71 110 0
71 114 0
71 118 0
71 122 0
71 126 0
71 130 0
71 134 0
71 138 0
71 142 0
71 146 0
71 150 0
71 154 0
71 158 0
71 162 0
71 166 0
71 170 0
71 174 0
71 178 0
69 -178 0
69 -174 0
69 -170 0
69 -166 0
69 -162 0.1
69 -158 0.5
69 -154 0.8
69 -150 1
69 -146 1.2
69 -142 1.3
69 -138 1.4
69 -134 1.4
69 -130 1.5
69 -126 1.5
69 -122 1.5
69 -118 1.4
69 -114 1.3
69 -110 1.2
69 -106 1.1
69 -102 0.9
69 -98 0.6
69 -94 0.3
69 -90 0
69 -86 0
69 -82 0
69 -78 0
69 -74 0
69 -70 0
69 -66 0
69 -62 0
69 -58 0
69 -54 0
69 -50 0
69 -46 0
69 -42 0
69 -38 0
69 -34 0
69 -30 0
69 -26 0
69 -22 0
69 -18 0
69 -14 0
69 -10 0
69 -6 0
69 -2 0
69 2 0
69 6 0
69 10 0
69 14 0
69 18 0
69 22 0
69 26 0
69 30 0
69 34 0
69 38 0
69 42 0
69 46 0
69 50 0
69 54 0
69 58 0
69 62 0
69 66 0
69 70 0
69 74 0
69 78 0
69 82 0
69 86 0
69 90 0
69 94 0
69 98 0
69 102 0
69 106 0
69 110 0
69 114 0
69 118 0
69 122 0
69 126 0
69 130 0
69 134 0
69 138 0
69 142 0
69 146 0
69 150 0
69 154 0
69 158 0
69 162 0
69 166 0
69 170 0
69 174 0
69 178 0
67 -178 0
67 -174 0
67 -170 0
67 -166 0.5
67 -162 0.9
67 -158 1.2
67 -154 1.4
67 -150 1.6
67 -146 1.7
67 -142 1.9
67 -138 2
67 -134 2
67 -130 2.1
67 -126 2.1
67 -122 2.1
67 -118 2
67 -114 1.9
67 -110 1.8
67 -106 1.7
67 -102 1.5
67 -98 1.3
67 -94 1
67 -90 0.7
67 -86 0.3
67 -82 0
67 -78 0
67 -74 0
67 -70 0
67 -66 0
67 -62 0
67 -58 0
67 -54 0
67 -50 0
67 -46 0
67 -42 0
67 -38 0
67 -34 0
67 -30 0
67 -26 0
67 -22 0
67 -18 0
67 -14 0
67 -10 0
67 -6 0
67 -2 0
67 2 0
67 6 0
67 10 0
67 14 0
67 18 0
67 22 0
67 26 0
67 30 0
67 34 0
67 38 0
67 42 0
67 46 0
67 50 0
67 54 0
67 58 0
67 62 0
67 66 0
67 70 0
67 74 0
67 78 0
67 82 0
67 86 0
67 90 0
67 94 0
67 98 0
67 102 0
67 106 0
67 110 0
67 114 0
67 118 0
67 122 0
67 126 0
67 130 0
67 134 0
67 138 0
67 142 0
67 146 0
67 150 0
67 154 0
67 158 0
67 162 0
67 166 0
67 170 0
67 174 0
67 178 0
65 -178 0
65 -174 0.2
65 -170 0.7
65 -166 1.1
65 -162 1.4
65 -158 1.7
65 -154 1.9
65 -150 2.1
65 -146 2.3
65 -142 2.4
65 -138 2.6
65 -134 2.6
65 -130 2.6
65 -126 2.6
65 -122 2.6
65 -118 2.6
65 -114 2.4
65 -110 2.3
65 -106 2.2
65 -102 2
65 -98 1.8
65 -94 1.6
65 -90 1.3
65 -86 0.9
65 -82 0.5
65 -78 0
65 -74 0
65 -70 0
65 -66 0
65 -62 0
65 -58 0
65 -54 0
65 -50 0
65 -46 0
65 -42 0
65 -38 0
65 -34 0
65 -30 0
65 -26 0
65 -22 0
65 -18 0
65 -14 0
65 -10 0
65 -6 0
65 -2 0
65 2 0
65 6 0
65 10 0
65 14 0
65 18 0
65 22 0
65 26 0
65 30 0
65 34 0
65 38 0
65 42 0
65 46 0
65 50 0
65 54 0
65 58 0
65 62 0
65 66 0
65 70 0
65 74 0
65 78 0
65 82 0
65 86 0
65 90 0
65 94 0
65 98 0
65 102 0
65 106 0
65 110 0
65 114 0
65 118 0
65 122 0
65 126 0
65 130 0
65 134 0
65 138 0
65 142 0
65 146 0
65 150 0
65 154 0
65 158 0
65 162 0
65 166 0
65 170 0
65 174 0
65 178 0
63 -178 0.3
63 -174 0.8
63 -170 1.3
63 -166 1.6
63 -162 1.9
63 -158 2.2
63 -154 2.4
63 -150 2.6
63 -146 2.8
63 -142 2.9
63 -138 3.1
63 -134 3.1
63 -130 3.1
63 -126 3.1
63 -122 3.1
63 -118 3.1
63 -114 2.9
63 -110 2.8
63 -106 2.7
63 -102 2.6
63 -98 2.3
63 -94 2.1
63 -90 1.8
63 -86 1.5
63 -82 1.1
63 -78 0.6
63 -74 0
63 -70 0
63 -66 0
63 -62 0
63 -58 0
63 -54 0
63 -50 0
63 -46 0
63 -42 0
63 -38 0
63 -34 0
63 -30 0
63 -26 0
63 -22 0
63 -18 0
63 -14 0
63 -10 0
63 -6 0
63 -2 0
63 2 0
63 6 0
63 10 0
63 14 0
63 18 0
63 22 0
63 26 0
63 30 0
63 34 0
63 38 0
63 42 0
63 46 0
63 50 0
63 54 0
63 58 0
63 62 0
63 66 0
63 70 0
63 74 0
63 78 0
63 82 0
63 86 0
63 90 0
63 94 0
63 98 0
63 102 0
63 106 0
63 110 0
63 114 0
63 118 0
63 122 0
63 126 0
63 130 0
63 134 0
63 138 0
63 142 0
63 146 0
63 150 0
63 154 0
63 158 0
63 162 0
63 166 0
63 170 0
63 174 0
63 178 0
61 -178 0.9
61 -174 1.3
61 -170 1.7
61 -166 2.1
61 -162 2.4
61 -158 2.7
61 -154 2.9
61 -150 3.1
61 -146 3.3
61 -142 3.4
61 -138 3.5
61 -134 3.5
61 -130 3.5
61 -126 3.6
61 -122 3.5
61 -118 3.5
61 -114 3.4
61 -110 3.3
61 -106 3.2
61 -102 2.9
61 -98 2.8
61 -94 2.6
61 -90 2.3
61 -86 1.9
61 -82 1.5
61 -78 1.1
61 -74 0.6
61 -70 0
61 -66 0
61 -62 0
61 -58 0
61 -54 0
61 -50 0
61 -46 0
61 -42 0
61 -38 0
61 -34 0
61 -30 0
61 -26 0
61 -22 0
61 -18 0
61 -14 0
61 -10 0
61 -6 0
61 -2 0
61 2 0
61 6 0
61 10 0
61 14 0
61 18 0
61 22 0
61 26 0
61 30 0
61 34 0
61 38 0
61 42 0
61 46 0
61 50 0
61 54 0
61 58 0
61 62 0
61 66 0
61 70 0
61 74 0
61 78 0
61 82 0
61 86 0
61 90 0
61 94 0
61 98 0
61 102 0
61 106 0
61 110 0
61 114 0
61 118 0
61 122 0
61 126 0
61 130 0
61 134 0
61 138 0
61 142 0
61 146 0
61 150 0
61 154 0
61 158 0
61 162 0
61 166 0
61 170 0
61 174 0
61 178 0.2
59 -178 1.3
59 -174 1.8
59 -170 2.2
59 -166 2.6
59 -162 2.8
59 -158 3.1
59 -154 3.3
59 -150 3.5
59 -146 3.6
59 -142 3.9
59 -138 4
59 -134 4
59 -130 4.1
59 -126 4.1
59 -122 4
59 -118 4
59 -114 3.9
59 -110 3.8
59 -106 3.6
59 -102 3.4
59 -98 3.2
59 -94 2.9
59 -90 2.7
59 -86 2.3
59 -82 2
59 -78 1.6
59 -74 1
59 -70 0.4
59 -66 0
59 -62 0
59 -58 0
59 -54 0
59 -50 0
59 -46 0
59 -42 0
59 -38 0
59 -34 0
59 -30 0
59 -26 0
59 -22 0
59 -18 0
59 -14 0
59 -10 0
59 -6 0
59 -2 0
59 2 0
59 6 0
59 10 0
59 14 0
59 18 0
59 22 0
59 26 0
59 30 0
59 34 0
59 38 0
59 42 0
59 46 0
59 50 0
59 54 0
59 58 0
59 62 0
59 66 0
59 70 0
59 74 0
59 78 0
59 82 0
59 86 0
59 90 0
59 94 0
59 98 0
59 102 0
59 106 0
59 110 0
59 114 0
59 118 0
59 122 0
59 126 0
59 130 0
59 134 0
59 138 0
59 142 0
59 146 0
59 150 0
59 154 0
59 158 0
59 162 0
59 166 0
59 170 0
59 174 0
59 178 0.8
57 -178 1.7
57 -174 2.2
57 -170 2.6
57 -166 2.9
57 -162 3.2
57 -158 3.5
57 -154 3.8
57 -150 4
57 -146 4.1
57 -142 4.3
57 -138 4.4
57 -134 4.4
57 -130 4.5
57 -126 4.5
57 -122 4.5
57 -118 4.4
57 -114 4.3
57 -110 4.2
57 -106 4.1
57 -102 3.9
57 -98 3.6
57 -94 3.4
57 -90 3.1
57 -86 2.8
57 -82 2.4
57 -78 2
57 -74 1.5
57 -70 0.9
57 -66 0.1
57 -62 0
57 -58 0
57 -54 0
57 -50 0
57 -46 0
57 -42 0
57 -38 0
57 -34 0
57 -30 0
57 -26 0
57 -22 0
57 -18 0
57 -14 0
57 -10 0
57 -6 0
57 -2 0
57 2 0
57 6 0
57 10 0
57 14 0
57 18 0
57 22 0
57 26 0
57 30 0
57 34 0
57 38 0
57 42 0
57 46 0
57 50 0
57 54 0
57 58 0
57 62 0
57 66 0
57 70 0
57 74 0
57 78 0
57 82 0
57 86 0
57 90 0
57 94 0
57 98 0
57 102 0
57 106 0
57 110 0
57 114 0
57 118 0
57 122 0
57 126 0
57 130 0
57 134 0
57 138 0
57 142 0
57 146 0
57 150 0
57 154 0
57 158 0
57 162 0
57 166 0
57 170 0
57 174 0.6
57 178 1.2
55 -178 2.1
55 -174 2.6
55 -170 2.9
55 -166 3.3
55 -162 3.6
55 -158 3.9
55 -154 4.2
55 -150 4.4
55 -146 4.5
55 -142 4.7
55 -138 4.8
55 -134 4.9
55 -130 4.9
55 -126 4.9
55 -122 4.9
55 -118 4.8
55 -114 4.7
55 -110 4.6
55 -106 4.5
55 -102 4.3
55 -98 4.1
55 -94 3.8
55 -90 3.4
55 -86 3.2
55 -82 2.8
55 -78 2.3
55 -74 1.9
55 -70 1.3
55 -66 0.6
55 -62 0
55 -58 0
55 -54 0
55 -50 0
55 -46 0
55 -42 0
55 -38 0
55 -34 0
55 -30 0
55 -26 0
55 -22 0
55 -18 0
55 -14 0
55 -10 0
55 -6 0
55 -2 0
55 2 0
55 6 0
55 10 0
55 14 0
55 18 0
55 22 0
55 26 0
55 30 0
55 34 0
55 38 0
55 42 0
55 46 0
55 50 0
55 54 0
55 58 0
55 62 0
55 66 0
55 70 0
55 74 0
55 78 0
55 82 0
55 86 0
55 90 0
55 94 0
55 98 0
55 102 0
55 106 0
55 110 0
55 114 0
55 118 0
55 122 0
55 126 0
55 130 0
55 134 0
55 138 0
55 142 0
55 146 0
55 150 0
55 154 0
55 158 0
55 162 0
55 166 0
55 170 0.2
55 174 1
55 178 1.6
53 -178 2.4
53 -174 2.9
53 -170 3.3
53 -166 3.6
53 -162 4
53 -158 4.3
53 -154 4.5
53 -150 4.8
53 -146 4.9
53 -142 5.1
53 -138 5.2
53 -134 5.2
53 -130 5.2
53 -126 5.2
53 -122 5.2
53 -118 5.2
53 -114 5.1
53 -110 5
53 -106 4.8
53 -102 4.7
53 -98 4.4
53 -94 4.2
53 -90 3.9
53 -86 3.5
53 -82 3.2
53 -78 2.7
53 -74 2.3
53 -70 1.7
53 -66 1
53 -62 0.2
53 -58 0
53 -54 0
53 -50 0
53 -46 0
53 -42 0
53 -38 0
53 -34 0
53 -30 0
53 -26 0
53 -22 0
53 -18 0
53 -14 0
53 -10 0
53 -6 0
53 -2 0
53 2 0
53 6 0
53 10 0
53 14 0
53 18 0
53 22 0
53 26 0
53 30 0
53 34 0
53 38 0
53 42 0
53 46 0
53 50 0
53 54 0
53 58 0
53 62 0
53 66 0
53 70 0
53 74 0
53 78 0
53 82 0
53 86 0
53 90 0
53 94 0
53 98 0
53 102 0
53 106 0
53 110 0
53 114 0
53 118 0
53 122 0
53 126 0
53 130 0
53 134 0
53 138 0
53 142 0
53 146 0
53 150 0
53 154 0
53 158 0
53 162 0
53 166 0
53 170 0.7
53 174 1.4
53 178 2
51 -178 2.8
51 -174 3.3
51 -170 3.6
51 -166 4.1
51 -162 4.4
51 -158 4.7
51 -154 4.9
51 -150 5.1
51 -146 5.2
51 -142 5.4
51 -138 5.5
51 -134 5.6
51 -130 5.6
51 -126 5.7
51 -122 5.6
51 -118 5.6
51 -114 5.5
51 -110 5.3
51 -106 5.2
51 -102 5
51 -98 4.8
51 -94 4.5
51 -90 4.2
51 -86 3.9
51 -82 3.4
51 -78 3.1
51 -74 2.6
51 -70 2
51 -66 1.4
51 -62 0.7
51 -58 0
51 -54 0
51 -50 0
51 -46 0
51 -42 0
51 -38 0
51 -34 0
51 -30 0
51 -26 0
51 -22 0
51 -18 0
51 -14 0
51 -10 0
51 -6 0
51 -2 0
51 2 0
51 6 0
51 10 0
51 14 0
51 18 0
51 22 0
51 26 0
51 30 0
51 34 0
51 38 0
51 42 0
51 46 0
51 50 0
51 54 0
51 58 0
51 62 0
51 66 0
51 70 0
51 74 0
51 78 0
51 82 0
51 86 0
51 90 0
51 94 0
51 98 0
51 102 0
51 106 0
51 110 0
51 114 0
51 118 0
51 122 0
51 126 0
51 130 0
51 134 0
51 138 0
51 142 0
51 146 0
51 150 0
51 154 0
51 158 0
51 162 0
51 166 0.1
51 170 1.1
51 174 1.7
51 178 2.3
49 -178 3.2
49 -174 3.6
49 -170 4
49 -166 4.4
49 -162 4.7
49 -158 5
49 -154 5.2
49 -150 5.4
49 -146 5.6
49 -142 5.8
49 -138 5.9
49 -134 6
49 -130 6
49 -126 6
49 -122 6
49 -118 6
49 -114 5.9
49 -110 5.7
49 -106 5.5
49 -102 5.3
49 -98 5.2
49 -94 4.9
49 -90 4.6
49 -86 4.2
49 -82 3.8
49 -78 3.4
49 -74 2.9
49 -70 2.4
49 -66 1.8
49 -62 1
49 -58 0
49 -54 0
49 -50 0
49 -46 0
49 -42 0
49 -38 0
49 -34 0
49 -30 0
49 -26 0
49 -22 0
49 -18 0
49 -14 0
49 -10 0
49 -6 0
49 -2 0
49 2 0
49 6 0
49 10 0
49 14 0
49 18 0
49 22 0
49 26 0
49 30 0
49 34 0
49 38 0
49 42 0
49 46 0
49 50 0
49 54 0
49 58 0
49 62 0
49 66 0
49 70 0
49 74 0
49 78 0
49 82 0
49 86 0
49 90 0
49 94 0
49 98 0
49 102 0
49 106 0
49 110 0
49 114 0
49 118 0
49 122 0
49 126 0
49 130 0
49 134 0
49 138 0
49 142 0
49 146 0
49 150 0
49 154 0
49 158 0
49 162 0
49 166 0.6
49 170 1.4
49 174 2.1
49 178 2.7
47 -178 3.4
47 -174 3.9
47 -170 4.3
47 -166 4.7
47 -162 5.1
47 -158 5.3
47 -154 5.6
47 -150 5.8
47 -146 6
47 -142 6.1
47 -138 6.2
47 -134 6.3
47 -130 6.4
47 -126 6.4
47 -122 6.4
47 -118 6.3
47 -114 6.2
47 -110 6
47 -106 5.9
47 -102 5.7
47 -98 5.4
47 -94 5.2
47 -90 4.9
47 -86 4.5
47 -82 4.1
47 -78 3.6
47 -74 3.2
47 -70 2.7
47 -66 2.1
47 -62 1.4
47 -58 0.5
47 -54 0
47 -50 0
47 -46 0
47 -42 0
47 -38 0
47 -34 0
47 -30 0
47 -26 0
47 -22 0
47 -18 0
47 -14 0
47 -10 0
47 -6 0
47 -2 0
47 2 0
47 6 0
47 10 0
47 14 0
47 18 0
47 22 0
47 26 0
47 30 0
47 34 0
47 38 0
47 42 0
47 46 0
47 50 0
47 54 0
47 58 0
47 62 0
47 66 0
47 70 0
47 74 0
47 78 0
47 82 0
47 86 0
47 90 0
47 94 0
47 98 0
47 102 0
47 106 0
47 110 0
47 114 0
47 118 0
47 122 0
47 126 0
47 130 0
47 134 0
47 138 0
47 142 0
47 146 0
47 150 0
47 154 0
47 158 0
47 162 0
47 166 1
47 170 1.7
47 174 2.4
47 178 2.9
45 -178 3.8
45 -174 4.2
45 -170 4.7
45 -166 5
45 -162 5.3
45 -158 5.6
45 -154 5.9
45 -150 6.1
45 -146 6.3
45 -142 6.5
45 -138 6.6
45 -134 6.7
45 -130 6.7
45 -126 6.7
45 -122 6.7
45 -118 6.6
45 -114 6.5
45 -110 6.4
45 -106 6.2
45 -102 6
45 -98 5.8
45 -94 5.5
45 -90 5.2
45 -86 4.9
45 -82 4.5
45 -78 4
45 -74 3.5
45 -70 2.9
45 -66 2.4
45 -62 1.7
45 -58 0.9
45 -54 0
45 -50 0
45 -46 0
45 -42 0
45 -38 0
45 -34 0
45 -30 0
45 -26 0
45 -22 0
45 -18 0
45 -14 0
45 -10 0
45 -6 0
45 -2 0
45 2 0
45 6 0
45 10 0
45 14 0
45 18 0
45 22 0
45 26 0
45 30 0
45 34 0
45 38 0
45 42 0
45 46 0
45 50 0
45 54 0
45 58 0
45 62 0
45 66 0
45 70 0
45 74 0
45 78 0
45 82 0
45 86 0
45 90 0
45 94 0
45 98 0
45 102 0
45 106 0
45 110 0
45 114 0
45 118 0
45 122 0
45 126 0
45 130 0
45 134 0
45 138 0
45 142 0
45 146 0
45 150 0
45 154 0
45 158 0
45 162 0.3
45 166 1.3
45 170 2.1
45 174 2.7
45 178 3.3
43 -178 4.1
43 -174 4.5
43 -170 5
43 -166 5.3
43 -162 5.7
43 -158 6
43 -154 6.2
43 -150 6.5
43 -146 6.6
43 -142 6.8
43 -138 7
43 -134 7
43 -130 7
43 -126 7
43 -122 7
43 -118 7
43 -114 6.9
43 -110 6.7
43 -106 6.5
43 -102 6.4
43 -98 6.1
43 -94 5.8
43 -90 5.5
43 -86 5.2
43 -82 4.8
43 -78 4.3
43 -74 3.8
43 -70 3.3
43 -66 2.7
43 -62 2
43 -58 1.2
43 -54 0
43 -50 0
43 -46 0
43 -42 0
43 -38 0
43 -34 0
43 -30 0
43 -26 0
43 -22 0
43 -18 0
43 -14 0
43 -10 0
43 -6 0
43 -2 0
43 2 0
43 6 0
43 10 0
43 14 0
43 18 0
43 22 0
43 26 0
43 30 0
43 34 0
43 38 0
43 42 0
43 46 0
43 50 0
43 54 0
43 58 0
43 62 0
43 66 0
43 70 0
43 74 0
43 78 0
43 82 0
43 86 0
43 90 0
43 94 0
43 98 0
43 102 0
43 106 0
43 110 0
43 114 0
43 118 0
43 122 0
43 126 0
43 130 0
43 134 0
43 138 0
43 142 0
43 146 0
43 150 0
43 154 0
43 158 0
43 162 0.7
43 166 1.6
43 170 2.3
43 174 2.9
43 178 3.5
41 -178 4.3
41 -174 4.8
41 -170 5.2
41 -166 5.6
41 -162 6
41 -158 6.3
41 -154 6.5
41 -150 6.8
41 -146 7
41 -142 7.1
41 -138 7.3
41 -134 7.3
41 -130 7.3
41 -126 7.3
41 -122 7.3
41 -118 7.3
41 -114 7.2
41 -110 7
41 -106 6.9
41 -102 6.6
41 -98 6.4
41 -94 6.1
41 -90 5.8
41 -86 5.4
41 -82 5
41 -78 4.6
41 -74 4.1
41 -70 3.5
41 -66 2.9
41 -62 2.3
41 -58 1.5
41 -54 0.5
41 -50 0
41 -46 0
41 -42 0
41 -38 0
41 -34 0
41 -30 0
41 -26 0
41 -22 0
41 -18 0
41 -14 0
41 -10 0
41 -6 0
41 -2 0
41 2 0
41 6 0
41 10 0
41 14 0
41 18 0
41 22 0
41 26 0
41 30 0
41 34 0
41 38 0
41 42 0
41 46 0
41 50 0
41 54 0
41 58 0
41 62 0
41 66 0
41 70 0
41 74 0
41 78 0
41 82 0
41 86 0
41 90 0
41 94 0
41 98 0
41 102 0
41 106 0
41 110 0
41 114 0
41 118 0
41 122 0
41 126 0
41 130 0
41 134 0
41 138 0
41 142 0
41 146 0
41 150 0
41 154 0
41 158 0
41 162 1
41 166 1.9
41 170 2.6
41 174 3.2
41 178 3.8
39 -178 4.6
39 -174 5.1
39 -170 5.5
39 -166 5.9
39 -162 6.2
39 -158 6.5
39 -154 6.8
39 -150 7
39 -146 7.3
39 -142 7.4
39 -138 7.6
39 -134 7.7
39 -130 7.7
39 -126 7.7
39 -122 7.7
39 -118 7.6
39 -114 7.5
39 -110 7.3
39 -106 7.2
39 -102 7
39 -98 6.7
39 -94 6.4
39 -90 6
39 -86 5.7
39 -82 5.2
39 -78 4.9
39 -74 4.4
39 -70 3.8
39 -66 3.2
39 -62 2.6
39 -58 1.8
39 -54 0.8
39 -50 0
39 -46 0
39 -42 0
39 -38 0
39 -34 0
39 -30 0
39 -26 0
39 -22 0
39 -18 0
39 -14 0
39 -10 0
39 -6 0
39 -2 0
39 2 0
39 6 0
39 10 0
39 14 0
39 18 0
39 22 0
39 26 0
39 30 0
39 34 0
39 38 0
39 42 0
39 46 0
39 50 0
39 54 0
39 58 0
39 62 0
39 66 0
39 70 0
39 74 0
39 78 0
39 82 0
39 86 0
39 90 0
39 94 0
39 98 0
39 102 0
39 106 0
39 110 0
39 114 0
39 118 0
39 122 0
39 126 0
39 130 0
39 134 0
39 138 0
39 142 0
39 146 0
39 150 0
39 154 0
39 158 0.2
39 162 1.3
39 166 2.2
39 170 2.8
39 174 3.5
39 178 4.1
37 -178 4.9
37 -174 5.3
37 -170 5.8
37 -166 6.1
37 -162 6.5
37 -158 6.9
37 -154 7.1
37 -150 7.3
37 -146 7.6
37 -142 7.7
37 -138 7.8
37 -134 8
37 -130 8
37 -126 8
37 -122 8
37 -118 7.9
37 -114 7.8
37 -110 7.7
37 -106 7.4
37 -102 7.3
37 -98 7
37 -94 6.7
37 -90 6.4
37 -86 6
37 -82 5.5
37 -78 5.1
37 -74 4.6
37 -70 4.1
37 -66 3.4
37 -62 2.8
37 -58 2
37 -54 1.1
37 -50 0
37 -46 0
37 -42 0
37 -38 0
37 -34 0
37 -30 0
37 -26 0
37 -22 0
37 -18 0
37 -14 0
37 -10 0
37 -6 0
37 -2 0
37 2 0
37 6 0
37 10 0
37 14 0
37 18 0
37 22 0
37 26 0
37 30 0
37 34 0
37 38 0
37 42 0
37 46 0
37 50 0
37 54 0
37 58 0
37 62 0
37 66 0
37 70 0
37 74 0
37 78 0
37 82 0
37 86 0
37 90 0
37 94 0
37 98 0
37 102 0
37 106 0
37 110 0
37 114 0
37 118 0
37 122 0
37 126 0
37 130 0
37 134 0
37 138 0
37 142 0
37 146 0
37 150 0
37 154 0
37 158 0.6
37 162 1.6
37 166 2.4
37 170 3.1
37 174 3.8
37 178 4.3
35 -178 5.1
35 -174 5.6
35 -170 6
35 -166 6.5
35 -162 6.8
35 -158 7.1
35 -154 7.4
35 -150 7.7
35 -146 7.8
35 -142 8
35 -138 8.1
35 -134 8.2
35 -130 8.3
35 -126 8.3
35 -122 8.3
35 -118 8.2
35 -114 8
35 -110 7.9
35 -106 7.7
35 -102 7.5
35 -98 7.3
35 -94 7
35 -90 6.6
35 -86 6.2
35 -82 5.8
35 -78 5.3
35 -74 4.9
35 -70 4.3
35 -66 3.6
35 -62 3.1
35 -58 2.3
35 -54 1.4
35 -50 0.2
35 -46 0
35 -42 0
35 -38 0
35 -34 0
35 -30 0
35 -26 0
35 -22 0
35 -18 0
35 -14 0
35 -10 0
35 -6 0
35 -2 0
35 2 0
35 6 0
35 10 0
35 14 0
35 18 0
35 22 0
35 26 0
35 30 0
35 34 0
35 38 0
35 42 0
35 46 0
35 50 0
35 54 0
35 58 0
35 62 0
35 66 0
35 70 0
35 74 0
35 78 0
35 82 0
35 86 0
35 90 0
35 94 0
35 98 0
35 102 0
35 106 0
35 110 0
35 114 0
35 118 0
35 122 0
35 126 0
35 130 0
35 134 0
35 138 0
35 142 0
35 146 0
35 150 0
35 154 0
35 158 0.9
35 162 1.9
35 166 2.7
35 170 3.3
35 174 4
35 178 4.6
33 -178 5.3
33 -174 5.9
33 -170 6.3
33 -166 6.7
33 -162 7
33 -158 7.3
33 -154 7.7
33 -150 7.9
33 -146 8.1
33 -142 8.3
33 -138 8.4
33 -134 8.5
33 -130 8.5
33 -126 8.5
33 -122 8.5
33 -118 8.5
33 -114 8.3
33 -110 8.2
33 -106 8
33 -102 7.8
33 -98 7.5
33 -94 7.2
33 -90 6.9
33 -86 6.5
33 -82 6
33 -78 5.6
33 -74 5.1
33 -70 4.5
33 -66 3.9
33 -62 3.2
33 -58 2.6
33 -54 1.6
33 -50 0.6
33 -46 0
33 -42 0
33 -38 0
33 -34 0
33 -30 0
33 -26 0
33 -22 0
33 -18 0
33 -14 0
33 -10 0
33 -6 0
33 -2 0
33 2 0
33 6 0
33 10 0
33 14 0
33 18 0
33 22 0
33 26 0
33 30 0
33 34 0
33 38 0
33 42 0
33 46 0
33 50 0
33 54 0
33 58 0
33 62 0
33 66 0
33 70 0
33 74 0
33 78 0
33 82 0
33 86 0
33 90 0
33 94 0
33 98 0
33 102 0
33 106 0
33 110 0
33 114 0
33 118 0
33 122 0
33 126 0
33 130 0
33 134 0
33 138 0
33 142 0
33 146 0
33 150 0
33 154 0
33 158 1.2
33 162 2.1
33 166 2.8
33 170 3.5
33 174 4.2
33 178 4.8
31 -178 5.6
31 -174 6
31 -170 6.5
31 -166 7
31 -162 7.3
31 -158 7.7
31 -154 7.9
31 -150 8.2
31 -146 8.4
31 -142 8.5
31 -138 8.7
31 -134 8.8
31 -130 8.8
31 -126 8.8
31 -122 8.8
31 -118 8.7
31 -114 8.6
31 -110 8.5
31 -106 8.3
31 -102 8
31 -98 7.7
31 -94 7.4
31 -90 7.1
31 -86 6.7
31 -82 6.3
31 -78 5.8
31 -74 5.3
31 -70 4.8
31 -66 4.2
31 -62 3.4
31 -58 2.7
31 -54 1.9
31 -50 0.9
31 -46 0
31 -42 0
31 -38 0
31 -34 0
31 -30 0
31 -26 0
31 -22 0
31 -18 0
31 -14 0
31 -10 0
31 -6 0
31 -2 0
31 2 0
31 6 0
31 10 0
31 14 0
31 18 0
31 22 0
31 26 0
31 30 0
31 34 0
31 38 0
31 42 0
31 46 0
31 50 0
31 54 0
31 58 0
31 62 0
31 66 0
31 70 0
31 74 0
31 78 0
31 82 0
31 86 0
31 90 0
31 94 0
31 98 0
31 102 0
31 106 0
31 110 0
31 114 0
31 118 0
31 122 0
31 126 0
31 130 0
31 134 0
31 138 0
31 142 0
31 146 0
31 150 0
31 154 0.1
31 158 1.4
31 162 2.3
31 166 3.1
31 170 3.9
31 174 4.5
31 178 5.1
29 -178 5.8
29 -174 6.3
29 -170 6.7
29 -166 7.2
29 -162 7.5
29 -158 7.9
29 -154 8.2
29 -150 8.4
29 -146 8.6
29 -142 8.8
29 -138 8.9
29 -134 9
29 -130 9
29 -126 9
29 -122 9
29 -118 9
29 -114 8.8
29 -110 8.7
29 -106 8.5
29 -102 8.3
29 -98 8
29 -94 7.7
29 -90 7.3
29 -86 7
29 -82 6.5
29 -78 6
29 -74 5.5
29 -70 5
29 -66 4.4
29 -62 3.6
29 -58 2.9
29 -54 2.1
29 -50 1.1
29 -46 0
29 -42 0
29 -38 0
29 -34 0
29 -30 0
29 -26 0
29 -22 0
29 -18 0
29 -14 0
29 -10 0
29 -6 0
29 -2 0
29 2 0
29 6 0
29 10 0
29 14 0
29 18 0
29 22 0
29 26 0
29 30 0
29 34 0
29 38 0
29 42 0
29 46 0
29 50 0
29 54 0
29 58 0
29 62 0
29 66 0
29 70 0
29 74 0
29 78 0
29 82 0
29 86 0
29 90 0
29 94 0
29 98 0
29 102 0
29 106 0
29 110 0
29 114 0
29 118 0
29 122 0
29 126 0
29 130 0
29 134 0
29 138 0
29 142 0
29 146 0
29 150 0
29 154 0.5
29 158 1.6
29 162 2.6
29 166 3.3
29 170 4.1
29 174 4.7
29 178 5.2
27 -178 6
27 -174 6.5
27 -170 7
27 -166 7.4
27 -162 7.7
27 -158 8.1
27 -154 8.4
27 -150 8.6
27 -146 8.8
27 -142 9
27 -138 9.2
27 -134 9.3
27 -130 9.3
27 -126 9.3
27 -122 9.3
27 -118 9.2
27 -114 9.1
27 -110 9
27 -106 8.8
27 -102 8.5
27 -98 8.3
27 -94 8
27 -90 7.6
27 -86 7.2
27 -82 6.7
27 -78 6.3
27 -74 5.8
27 -70 5.2
27 -66 4.6
27 -62 3.9
27 -58 3.2
27 -54 2.3
27 -50 1.4
27 -46 0
27 -42 0
27 -38 0
27 -34 0
27 -30 0
27 -26 0
27 -22 0
27 -18 0
27 -14 0
27 -10 0
27 -6 0
27 -2 0
27 2 0
27 6 0
27 10 0
27 14 0
27 18 0
27 22 0
27 26 0
27 30 0
27 34 0
27 38 0
27 42 0
27 46 0
27 50 0
27 54 0
27 58 0
27 62 0
27 66 0
27 70 0
27 74 0
27 78 0
27 82 0
27 86 0
27 90 0
27 94 0
27 98 0
27 102 0
27 106 0
27 110 0
27 114 0
27 118 0
27 122 0
27 126 0
27 130 0
27 134 0
27 138 0
27 142 0
27 146 0
27 150 0
27 154 0.8
27 158 1.9
27 162 2.7
27 166 3.5
27 170 4.3
27 174 4.9
27 178 5.4
25 -178 6.2
25 -174 6.7
25 -170 7.2
25 -166 7.6
25 -162 8
25 -158 8.3
25 -154 8.6
25 -150 8.9
25 -146 9.1
25 -142 9.3
25 -138 9.4
25 -134 9.5
25 -130 9.5
25 -126 9.5
25 -122 9.5
25 -118 9.5
25 -114 9.3
25 -110 9.2
25 -106 9
25 -102 8.8
25 -98 8.5
25 -94 8.2
25 -90 7.8
25 -86 7.4
25 -82 7
25 -78 6.5
25 -74 6
25 -70 5.4
25 -66 4.8
25 -62 4.1
25 -58 3.3
25 -54 2.6
25 -50 1.6
25 -46 0.3
25 -42 0
25 -38 0
25 -34 0
25 -30 0
25 -26 0
25 -22 0
25 -18 0
25 -14 0
25 -10 0
25 -6 0
25 -2 0
25 2 0
25 6 0
25 10 0
25 14 0
25 18 0
25 22 0
25 26 0
25 30 0
25 34 0
25 38 0
25 42 0
25 46 0
25 50 0
25 54 0
25 58 0
25 62 0
25 66 0
25 70 0
25 74 0
25 78 0
25 82 0
25 86 0
25 90 0
25 94 0
25 98 0
25 102 0
25 106 0
25 110 0
25 114 0
25 118 0
25 122 0
25 126 0
25 130 0
25 134 0
25 138 0
25 142 0
25 146 0
25 150 0
25 154 1
25 158 2.1
25 162 2.9
25 166 3.8
25 170 4.5
25 174 5.1
25 178 5.7
23 -178 6.5
23 -174 7
23 -170 7.4
23 -166 7.8
23 -162 8.2
23 -158 8.5
23 -154 8.8
23 -150 9.1
23 -146 9.3
23 -142 9.5
23 -138 9.6
23 -134 9.7
23 -130 9.7
23 -126 9.8
23 -122 9.7
23 -118 9.7
23 -114 9.5
23 -110 9.4
23 -106 9.2
23 -102 9
23 -98 8.7
23 -94 8.4
23 -90 8
23 -86 7.6
23 -82 7.2
23 -78 6.7
23 -74 6.1
23 -70 5.6
23 -66 5
23 -62 4.3
23 -58 3.5
23 -54 2.7
23 -50 1.8
23 -46 0.7
23 -42 0
23 -38 0
23 -34 0
23 -30 0
23 -26 0
23 -22 0
23 -18 0
23 -14 0
23 -10 0
23 -6 0
23 -2 0
23 2 0
23 6 0
23 10 0
23 14 0
23 18 0
23 22 0
23 26 0
23 30 0
23 34 0
23 38 0
23 42 0
23 46 0
23 50 0
23 54 0
23 58 0
23 62 0
23 66 0
23 70 0
23 74 0
23 78 0
23 82 0
23 86 0
23 90 0
23 94 0
23 98 0
23 102 0
23 106 0
23 110 0
23 114 0
23 118 0
23 122 0
23 126 0
23 130 0
23 134 0
23 138 0
23 142 0
23 146 0
23 150 0
23 154 1.3
23 158 2.3
23 162 3.2
23 166 4
23 170 4.7
23 174 5.2
23 178 5.9
21 -178 6.6
21 -174 7.1
21 -170 7.6
21 -166 8
21 -162 8.4
21 -158 8.8
21 -154 9
21 -150 9.3
21 -146 9.5
21 -142 9.7
21 -138 9.8
21 -134 9.9
21 -130 10
21 -126 10
21 -122 9.9
21 -118 9.9
21 -114 9.7
21 -110 9.6
21 -106 9.4
21 -102 9.2
21 -98 8.9
21 -94 8.5
21 -90 8.2
21 -86 7.8
21 -82 7.3
21 -78 6.9
21 -74 6.4
21 -70 5.8
21 -66 5.2
21 -62 4.5
21 -58 3.8
21 -54 2.9
21 -50 2
21 -46 0.9
21 -42 0
21 -38 0
21 -34 0
21 -30 0
21 -26 0
21 -22 0
21 -18 0
21 -14 0
21 -10 0
21 -6 0
21 -2 0
21 2 0
21 6 0
21 10 0
21 14 0
21 18 0
21 22 0
21 26 0
21 30 0
21 34 0
21 38 0
21 42 0
21 46 0
21 50 0
21 54 0
21 58 0
21 62 0
21 66 0
21 70 0
21 74 0
21 78 0
21 82 0
21 86 0
21 90 0
21 94 0
21 98 0
21 102 0
21 106 0
21 110 0
21 114 0
21 118 0
21 122 0
21 126 0
21 130 0
21 134 0
21 138 0
21 142 0
21 146 0
21 150 0.1
21 154 1.5
21 158 2.4
21 162 3.3
21 166 4.1
21 170 4.8
21 174 5.4
21 178 6
19 -178 6.8
19 -174 7.3
19 -170 7.8
19 -166 8.2
19 -162 8.6
19 -158 8.9
19 -154 9.3
19 -150 9.5
19 -146 9.7
19 -142 9.9
19 -138 10
19 -134 10
19 -130 10
19 -126 10
19 -122 10
19 -118 10
19 -114 9.9
19 -110 9.8
19 -106 9.6
19 -102 9.4
19 -98 9.1
19 -94 8.8
19 -90 8.4
19 -86 8
19 -82 7.6
19 -78 7
19 -74 6.5
19 -70 6
19 -66 5.3
19 -62 4.7
19 -58 4
19 -54 3.1
19 -50 2.2
19 -46 1.2
19 -42 0
19 -38 0
19 -34 0
19 -30 0
19 -26 0
19 -22 0
19 -18 0
19 -14 0
19 -10 0
19 -6 0
19 -2 0
19 2 0
19 6 0
19 10 0
19 14 0
19 18 0
19 22 0
19 26 0
19 30 0
19 34 0
19 38 0
19 42 0
19 46 0
19 50 0
19 54 0
19 58 0
19 62 0
19 66 0
19 70 0
19 74 0
19 78 0
19 82 0
19 86 0
19 90 0
19 94 0
19 98 0
19 102 0
19 106 0
19 110 0
19 114 0
19 118 0
19 122 0
19 126 0
19 130 0
19 134 0
19 138 0
19 142 0
19 146 0
19 150 0.4
19 154 1.7
19 158 2.7
19 162 3.5
19 166 4.3
19 170 5
19 174 5.7
19 178 6.2
17 -178 7
17 -174 7.5
17 -170 8
17 -166 8.4
17 -162 8.8
17 -158 9.1
17 -154 9.4
17 -150 9.7
17 -146 9.9
17 -142 10
17 -138 10
17 -134 10
17 -130 10.7
17 -126 10.7
17 -122 10.7
17 -118 10
17 -114 10
17 -110 10
17 -106 9.8
17 -102 9.5
17 -98 9.3
17 -94 9
17 -90 8.6
17 -86 8.2
17 -82 7.7
17 -78 7.3
17 -74 6.7
17 -70 6.1
17 -66 5.5
17 -62 4.9
17 -58 4.1
17 -54 3.3
17 -50 2.4
17 -46 1.4
17 -42 0
17 -38 0
17 -34 0
17 -30 0
17 -26 0
17 -22 0
17 -18 0
17 -14 0
17 -10 0
17 -6 0
17 -2 0
17 2 0
17 6 0
17 10 0
17 14 0
17 18 0
17 22 0
17 26 0
17 30 0
17 34 0
17 38 0
17 42 0
17 46 0
17 50 0
17 54 0
17 58 0
17 62 0
17 66 0
17 70 0
17 74 0
17 78 0
17 82 0
17 86 0
17 90 0
17 94 0
17 98 0
17 102 0
17 106 0
17 110 0
17 114 0
17 118 0
17 122 0
17 126 0
17 130 0
17 134 0
17 138 0
17 142 0
17 146 0
17 150 0.7
17 154 1.9
17 158 2.8
17 162 3.8
17 166 4.5
17 170 5.2
17 174 5.8
17 178 6.5
15 -178 7.1
15 -174 7.7
15 -170 8.1
15 -166 8.5
15 -162 9
15 -158 9.3
15 -154 9.6
15 -150 9.9
15 -146 10
15 -142 10
15 -138 10.7
15 -134 10.7
15 -130 10.7
15 -126 10.7
15 -122 10.7
15 -118 10.7
15 -114 10.7
15 -110 10
15 -106 10
15 -102 9.7
15 -98 9.5
15 -94 9.1
15 -90 8.8
15 -86 8.3
15 -82 7.9
15 -78 7.4
15 -74 6.9
15 -70 6.3
15 -66 5.7
15 -62 5
15 -58 4.3
15 -54 3.4
15 -50 2.6
15 -46 1.6
15 -42 0.1
15 -38 0
15 -34 0
15 -30 0
15 -26 0
15 -22 0
15 -18 0
15 -14 0
15 -10 0
15 -6 0
15 -2 0
15 2 0
15 6 0
15 10 0
15 14 0
15 18 0
15 22 0
15 26 0
15 30 0
15 34 0
15 38 0
15 42 0
15 46 0
15 50 0
15 54 0
15 58 0
15 62 0
15 66 0
15 70 0
15 74 0
15 78 0
15 82 0
15 86 0
15 90 0
15 94 0
15 98 0
15 102 0
15 106 0
15 110 0
15 114 0
15 118 0
15 122 0
15 126 0
15 130 0
15 134 0
15 138 0
15 142 0
15 146 0
15 150 1
15 154 2.1
15 158 3.1
15 162 3.9
15 166 4.7
15 170 5.3
15 174 6
15 178 6.6
13 -178 7.3
13 -174 7.8
13 -170 8.3
13 -166 8.8
13 -162 9.1
13 -158 9.5
13 -154 9.7
13 -150 10
13 -146 10
13 -142 10.7
13 -138 10.7
13 -134 10.7
13 -130 10.7
13 -126 10.7
13 -122 10.7
13 -118 10.7
13 -114 10.7
13 -110 10.7
13 -106 10
13 -102 9.9
13 -98 9.6
13 -94 9.3
13 -90 8.9
13 -86 8.5
13 -82 8
13 -78 7.6
13 -74 7
13 -70 6.5
13 -66 5.9
13 -62 5.2
13 -58 4.5
13 -54 3.6
13 -50 2.8
13 -46 1.8
13 -42 0.5
13 -38 0
13 -34 0
13 -30 0
13 -26 0
13 -22 0
13 -18 0
13 -14 0
13 -10 0
13 -6 0
13 -2 0
13 2 0
13 6 0
13 10 0
13 14 0
13 18 0
13 22 0
13 26 0
13 30 0
13 34 0
13 38 0
13 42 0
13 46 0
13 50 0
13 54 0
13 58 0
13 62 0
13 66 0
13 70 0
13 74 0
13 78 0
13 82 0
13 86 0
13 90 0
13 94 0
13 98 0
13 102 0
13 106 0
13 110 0
13 114 0
13 118 0
13 122 0
13 126 0
13 130 0
13 134 0
13 138 0
13 142 0
13 146 0
13 150 1.2
13 154 2.3
13 158 3.2
13 162 4.1
13 166 4.8
13 170 5.5
13 174 6.1
13 178 6.8
11 -178 7.5
11 -174 8
11 -170 8.5
11 -166 8.9
11 -162 9.3
11 -158 9.6
11 -154 9.9
11 -150 10
11 -146 10.7
11 -142 10.7
11 -138 10.7
11 -134 10.7
11 -130 10.7
11 -126 10.7
11 -122 10.7
11 -118 10.7
11 -114 10.7
11 -110 10.7
11 -106 10
11 -102 10
11 -98 9.8
11 -94 9.5
11 -90 9.1
11 -86 8.7
11 -82 8.3
11 -78 7.7
11 -74 7.2
11 -70 6.6
11 -66 6
11 -62 5.3
11 -58 4.6
11 -54 3.8
11 -50 2.9
11 -46 2
11 -42 0.7
11 -38 0
11 -34 0
11 -30 0
11 -26 0
11 -22 0
11 -18 0
11 -14 0
11 -10 0
11 -6 0
11 -2 0
11 2 0
11 6 0
11 10 0
11 14 0
11 18 0
11 22 0
11 26 0
11 30 0
11 34 0
11 38 0
11 42 0
11 46 0
11 50 0
11 54 0
11 58 0
11 62 0
11 66 0
11 70 0
11 74 0
11 78 0
11 82 0
11 86 0
11 90 0
11 94 0
11 98 0
11 102 0
11 106 0
11 110 0
11 114 0
11 118 0
11 122 0
11 126 0
11 130 0
11 134 0
11 138 0
11 142 0
11 146 0
11 150 1.4
11 154 2.4
11 158 3.4
11 162 4.2
11 166 5
11 170 5.7
11 174 6.3
11 178 6.9
9 -178 7.6
9 -174 8.1
9 -170 8.6
9 -166 9
9 -162 9.4
9 -158 9.7
9 -154 10
9 -150 10.7
9 -146 10.7
9 -142 10.7
9 -138 10.7
9 -134 10.7
9 -130 11.3
9 -126 11.3
9 -122 11.3
9 -118 10.7
9 -114 10.7
9 -110 10.7
9 -106 10.7
9 -102 10
9 -98 9.9
9 -94 9.6
9 -90 9.3
9 -86 8.8
9 -82 8.4
9 -78 7.9
9 -74 7.3
9 -70 6.8
9 -66 6.1
9 -62 5.4
9 -58 4.8
9 -54 4
9 -50 3.1
9 -46 2.1
9 -42 1
9 -38 0
9 -34 0
9 -30 0
9 -26 0
9 -22 0
9 -18 0
9 -14 0
9 -10 0
9 -6 0
9 -2 0
9 2 0
9 6 0
9 10 0
9 14 0
9 18 0
9 22 0
9 26 0
9 30 0
9 34 0
9 38 0
9 42 0
9 46 0
9 50 0
9 54 0
9 58 0
9 62 0
9 66 0
9 70 0
9 74 0
9 78 0
9 82 0
9 86 0
9 90 0
9 94 0
9 98 0
9 102 0
9 106 0
9 110 0
9 114 0
9 118 0
9 122 0
9 126 0
9 130 0
9 134 0
9 138 0
9 142 0
9 146 0.1
9 150 1.6
9 154 2.7
9 158 3.5
9 162 4.4
9 166 5.2
9 170 5.8
9 174 6.5
9 178 7
7 -178 7.7
7 -174 8.3
7 -170 8.8
7 -166 9.2
7 -162 9.5
7 -158 9.9
7 -154 10
7 -150 10.7
7 -146 10.7
7 -142 10.7
7 -138 11.3
7 -134 11.3
7 -130 11.3
7 -126 11.3
7 -122 11.3
7 -118 11.3
7 -114 10.7
7 -110 10.7
7 -106 10.7
7 -102 10.7
7 -98 10
7 -94 9.7
7 -90 9.4
7 -86 9
7 -82 8.5
7 -78 8
7 -74 7.5
7 -70 6.9
7 -66 6.3
7 -62 5.6
7 -58 4.9
7 -54 4.1
7 -50 3.3
7 -46 2.3
7 -42 1.2
7 -38 0
7 -34 0
7 -30 0
7 -26 0
7 -22 0
7 -18 0
7 -14 0
7 -10 0
7 -6 0
7 -2 0
7 2 0
7 6 0
7 10 0
7 14 0
7 18 0
7 22 0
7 26 0
7 30 0
7 34 0
7 38 0
7 42 0
7 46 0
7 50 0
7 54 0
7 58 0
7 62 0
7 66 0
7 70 0
7 74 0
7 78 0
7 82 0
7 86 0
7 90 0
7 94 0
7 98 0
7 102 0
7 106 0
7 110 0
7 114 0
7 118 0
7 122 0
7 126 0
7 130 0
7 134 0
7 138 0
7 142 0
7 146 0.5
7 150 1.8
7 154 2.8
7 158 3.8
7 162 4.5
7 166 5.2
7 170 6
7 174 6.6
7 178 7.2
5 -178 7.9
5 -174 8.4
5 -170 8.8
5 -166 9.3
5 -162 9.7
5 -158 10
5 -154 10.7
5 -150 10.7
5 -146 10.7
5 -142 11.3
5 -138 11.3
5 -134 11.3
5 -130 11.3
5 -126 11.3
5 -122 11.3
5 -118 11.3
5 -114 11.3
5 -110 10.7
5 -106 10.7
5 -102 10.7
5 -98 10
5 -94 9.9
5 -90 9.5
5 -86 9.1
5 -82 8.6
5 -78 8.1
5 -74 7.6
5 -70 7
5 -66 6.4
5 -62 5.8
5 -58 5.1
5 -54 4.3
5 -50 3.4
5 -46 2.4
5 -42 1.4
5 -38 0
5 -34 0
5 -30 0
5 -26 0
5 -22 0
5 -18 0
5 -14 0
5 -10 0
5 -6 0
5 -2 0
5 2 0
5 6 0
5 10 0
5 14 0
5 18 0
5 22 0
5 26 0
5 30 0
5 34 0
5 38 0
5 42 0
5 46 0
5 50 0
5 54 0
5 58 0
5 62 0
5 66 0
5 70 0
5 74 0
5 78 0
5 82 0
5 86 0
5 90 0
5 94 0
5 98 0
5 102 0
5 106 0
5 110 0
5 114 0
5 118 0
5 122 0
5 126 0
5 130 0
5 134 0
5 138 0
5 142 0
5 146 0.7
5 150 2
5 154 2.9
5 158 3.9
5 162 4.7
5 166 5.4
5 170 6.1
5 174 6.7
5 178 7.3
3 -178 8
3 -174 8.5
3 -170 9
3 -166 9.4
3 -162 9.8
3 -158 10
3 -154 10.7
3 -150 10.7
3 -146 10.7
3 -142 11.3
3 -138 11.3
3 -134 11.3
3 -130 11.3
3 -126 11.3
3 -122 11.3
3 -118 11.3
3 -114 11.3
3 -110 11.3
3 -106 10.7
3 -102 10.7
3 -98 10
3 -94 10
3 -90 9.6
3 -86 9.2
3 -82 8.8
3 -78 8.3
3 -74 7.7
3 -70 7.2
3 -66 6.5
3 -62 5.9
3 -58 5.2
3 -54 4.4
3 -50 3.5
3 -46 2.7
3 -42 1.6
3 -38 0.1
3 -34 0
3 -30 0
3 -26 0
3 -22 0
3 -18 0
3 -14 0
3 -10 0
3 -6 0
3 -2 0
3 2 0
3 6 0
3 10 0
3 14 0
3 18 0
3 22 0
3 26 0
3 30 0
3 34 0
3 38 0
3 42 0
3 46 0
3 50 0
3 54 0
3 58 0
3 62 0
3 66 0
3 70 0
3 74 0
3 78 0
3 82 0
3 86 0
3 90 0
3 94 0
3 98 0
3 102 0
3 106 0
3 110 0
3 114 0
3 118 0
3 122 0
3 126 0
3 130 0
3 134 0
3 138 0
3 142 0
3 146 0.9
3 150 2.1
3 154 3.1
3 158 4
3 162 4.8
3 166 5.5
3 170 6.2
3 174 6.9
3 178 7.4
1 -178 8.1
1 -174 8.6
1 -170 9.1
1 -166 9.5
1 -162 9.9
1 -158 10
1 -154 10.7
1 -150 10.7
1 -146 11.3
1 -142 11.3
1 -138 11.3
1 -134 11.3
1 -130 11.3
1 -126 11.3
1 -122 11.3
1 -118 11.3
1 -114 11.3
1 -110 11.3
1 -106 10.7
1 -102 10.7
1 -98 10.7
1 -94 10
1 -90 9.7
1 -86 9.3
1 -82 8.9
1 -78 8.4
1 -74 7.9
1 -70 7.3
1 -66 6.6
1 -62 6
1 -58 5.3
1 -54 4.6
1 -50 3.8
1 -46 2.8
1 -42 1.8
1 -38 0.4
1 -34 0
1 -30 0
1 -26 0
1 -22 0
1 -18 0
1 -14 0
1 -10 0
1 -6 0
1 -2 0
1 2 0
1 6 0
1 10 0
1 14 0
1 18 0
1 22 0
1 26 0
1 30 0
1 34 0
1 38 0
1 42 0
1 46 0
1 50 0
1 54 0
1 58 0
1 62 0
1 66 0
1 70 0
1 74 0
1 78 0
1 82 0
1 86 0
1 90 0
1 94 0
1 98 0
1 102 0
1 106 0
1 110 0
1 114 0
1 118 0
1 122 0
1 126 0
1 130 0
1 134 0
1 138 0
1 142 0
1 146 1.2
1 150 2.3
1 154 3.3
1 158 4.2
1 162 5
1 166 5.7
1 170 6.3
1 174 7
1 178 7.6
-1 -178 8.3
-1 -174 8.8
-1 -170 9.2
-1 -166 9.6
-1 -162 10
-1 -158 10.7
-1 -154 10.7
-1 -150 10.7
-1 -146 11.3
-1 -142 11.3
-1 -138 11.3
-1 -134 11.3
-1 -130 11.3
-1 -126 11.9
-1 -122 11.3
-1 -118 11.3
-1 -114 11.3
-1 -110 11.3
-1 -106 11.3
-1 -102 10.7
-1 -98 10.7
-1 -94 10
-1 -90 9.8
-1 -86 9.4
-1 -82 9
-1 -78 8.5
-1 -74 8
-1 -70 7.4
-1 -66 6.8
-1 -62 6.1
-1 -58 5.4
-1 -54 4.7
-1 -50 3.9
-1 -46 2.9
-1 -42 1.9
-1 -38 0.7
-1 -34 0
-1 -30 0
-1 -26 0
-1 -22 0
-1 -18 0
-1 -14 0
-1 -10 0
-1 -6 0
-1 -2 0
-1 2 0
-1 6 0
-1 10 0
-1 14 0
-1 18 0
-1 22 0
-1 26 0
-1 30 0
-1 34 0
-1 38 0
-1 42 0
-1 46 0
-1 50 0
-1 54 0
-1 58 0
-1 62 0
-1 66 0
-1 70 0
-1 74 0
-1 78 0
-1 82 0
-1 86 0
-1 90 0
-1 94 0
-1 98 0
-1 102 0
-1 106 0
-1 110 0
-1 114 0
-1 118 0
-1 122 0
-1 126 0
-1 130 0
-1 134 0
-1 138 0
-1 142 0
-1 146 1.4
-1 150 2.4
-1 154 3.4
-1 158 4.3
-1 162 5.1
-1 166 5.8
-1 170 6.5
-1 174 7.1
-1 178 7.7
-3 -178 8.3
-3 -174 8.8
-3 -170 9.3
-3 -166 9.7
-3 -162 10
-3 -158 10.7
-3 -154 10.7
-3 -150 11.3
-3 -146 11.3
-3 -142 11.3
-3 -138 11.3
-3 -134 11.9
-3 -130 11.9
-3 -126 11.9
-3 -122 11.9
-3 -118 11.3
-3 -114 11.3
-3 -110 11.3
-3 -106 11.3
-3 -102 10.7
-3 -98 10.7
-3 -94 10
-3 -90 9.9
-3 -86 9.5
-3 -82 9
-3 -78 8.6
-3 -74 8
-3 -70 7.5
-3 -66 6.9
-3 -62 6.2
-3 -58 5.5
-3 -54 4.8
-3 -50 4
-3 -46 3.1
-3 -42 2.1
-3 -38 0.9
-3 -34 0
-3 -30 0
-3 -26 0
-3 -22 0
-3 -18 0
-3 -14 0
-3 -10 0
-3 -6 0
-3 -2 0
-3 2 0
-3 6 0
-3 10 0
-3 14 0
-3 18 0
-3 22 0
-3 26 0
-3 30 0
-3 34 0
-3 38 0
-3 42 0
-3 46 0
-3 50 0
-3 54 0
-3 58 0
-3 62 0
-3 66 0
-3 70 0
-3 74 0
-3 78 0
-3 82 0
-3 86 0
-3 90 0
-3 94 0
-3 98 0
-3 102 0
-3 106 0
-3 110 0
-3 114 0
-3 118 0
-3 122 0
-3 126 0
-3 130 0
-3 134 0
-3 138 0
-3 142 0
-3 146 1.5
-3 150 2.6
-3 154 3.5
-3 158 4.4
-3 162 5.2
-3 166 5.9
-3 170 6.5
-3 174 7.2
-3 178 7.8
-5 -178 8.4
-5 -174 8.9
-5 -170 9.4
-5 -166 9.8
-5 -162 10
-5 -158 10.7
-5 -154 10.7
-5 -150 11.3
-5 -146 11.3
-5 -142 11.3
-5 -138 11.9
-5 -134 11.9
-5 -130 11.9
-5 -126 11.9
-5 -122 11.9
-5 -118 11.9
-5 -114 11.3
-5 -110 11.3
-5 -106 11.3
-5 -102 10.7
-5 -98 10.7
-5 -94 10.7
-5 -90 10
-5 -86 9.6
-5 -82 9.2
-5 -78 8.7
-5 -74 8.2
-5 -70 7.6
-5 -66 7
-5 -62 6.3
-5 -58 5.6
-5 -54 4.9
-5 -50 4.1
-5 -46 3.2
-5 -42 2.3
-5 -38 1.1
-5 -34 0
-5 -30 0
-5 -26 0
-5 -22 0
-5 -18 0
-5 -14 0
-5 -10 0
-5 -6 0
-5 -2 0
-5 2 0
-5 6 0
-5 10 0
-5 14 0
-5 18 0
-5 22 0
-5 26 0
-5 30 0
-5 34 0
-5 38 0
-5 42 0
-5 46 0
-5 50 0
-5 54 0
-5 58 0
-5 62 0
-5 66 0
-5 70 0
-5 74 0
-5 78 0
-5 82 0
-5 86 0
-5 90 0
-5 94 0
-5 98 0
-5 102 0
-5 106 0
-5 110 0
-5 114 0
-5 118 0
-5 122 0
-5 126 0
-5 130 0
-5 134 0
-5 138 0
-5 142 0.4
-5 146 1.7
-5 150 2.8
-5 154 3.6
-5 158 4.5
-5 162 5.2
-5 166 6
-5 170 6.6
-5 174 7.3
-5 178 7.9
-7 -178 8.5
-7 -174 9
-7 -170 9.5
-7 -166 9.9
-7 -162 10
-7 -158 10.7
-7 -154 10.7
-7 -150 11.3
-7 -146 11.3
-7 -142 11.3
-7 -138 11.9
-7 -134 11.9
-7 -130 11.9
-7 -126 11.9
-7 -122 11.9
-7 -118 11.9
-7 -114 11.9
-7 -110 11.3
-7 -106 11.3
-7 -102 11.3
-7 -98 10.7
-7 -94 10.7
-7 -90 10
-7 -86 9.7
-7 -82 9.3
-7 -78 8.8
-7 -74 8.3
-7 -70 7.7
-7 -66 7.1
-7 -62 6.5
-7 -58 5.8
-7 -54 5.1
-7 -50 4.3
-7 -46 3.4
-7 -42 2.4
-7 -38 1.3
-7 -34 0
-7 -30 0
-7 -26 0
-7 -22 0
-7 -18 0
-7 -14 0
-7 -10 0
-7 -6 0
-7 -2 0
-7 2 0
-7 6 0
-7 10 0
-7 14 0
-7 18 0
-7 22 0
-7 26 0
-7 30 0
-7 34 0
-7 38 0
-7 42 0
-7 46 0
-7 50 0
-7 54 0
-7 58 0
-7 62 0
-7 66 0
-7 70 0
-7 74 0
-7 78 0
-7 82 0
-7 86 0
-7 90 0
-7 94 0
-7 98 0
-7 102 0
-7 106 0
-7 110 0
-7 114 0
-7 118 0
-7 122 0
-7 126 0
-7 130 0
-7 134 0
-7 138 0
-7 142 0.6
-7 146 1.9
-7 150 2.9
-7 154 3.9
-7 158 4.7
-7 162 5.4
-7 166 6.1
-7 170 6.8
-7 174 7.3
-7 178 8
-9 -178 8.5
-9 -174 9
-9 -170 9.5
-9 -166 9.9
-9 -162 10
-9 -158 10.7
-9 -154 10.7
-9 -150 11.3
-9 -146 11.3
-9 -142 11.3
-9 -138 11.9
-9 -134 11.9
-9 -130 11.9
-9 -126 11.9
-9 -122 11.9
-9 -118 11.9
-9 -114 11.9
-9 -110 11.3
-9 -106 11.3
-9 -102 11.3
-9 -98 10.7
-9 -94 10.7
-9 -90 10
-9 -86 9.7
-9 -82 9.3
-9 -78 8.8
-9 -74 8.3
-9 -70 7.7
-9 -66 7.2
-9 -62 6.5
-9 -58 5.9
-9 -54 5.2
-9 -50 4.4
-9 -46 3.5
-9 -42 2.6
-9 -38 1.5
-9 -34 0
-9 -30 0
-9 -26 0
-9 -22 0
-9 -18 0
-9 -14 0
-9 -10 0
-9 -6 0
-9 -2 0
-9 2 0
-9 6 0
-9 10 0
-9 14 0
-9 18 0
-9 22 0
-9 26 0
-9 30 0
-9 34 0
-9 38 0
-9 42 0
-9 46 0
-9 50 0
-9 54 0
-9 58 0
-9 62 0
-9 66 0
-9 70 0
-9 74 0
-9 78 0
-9 82 0
-9 86 0
-9 90 0
-9 94 0
-9 98 0
-9 102 0
-9 106 0
-9 110 0
-9 114 0
-9 118 0
-9 122 0
-9 126 0
-9 130 0
-9 134 0
-9 138 0
-9 142 0.9
-9 146 2.1
-9 150 3.1
-9 154 4
-9 158 4.8
-9 162 5.5
-9 166 6.2
-9 170 6.9
-9 174 7.5
-9 178 8
-11 -178 8.6
-11 -174 9.1
-11 -170 9.6
-11 -166 10
-11 -162 10.7
-11 -158 10.7
-11 -154 11.3
-11 -150 11.3
-11 -146 11.3
-11 -142 11.9
-11 -138 11.9
-11 -134 11.9
-11 -130 11.9
-11 -126 11.9
-11 -122 11.9
-11 -118 11.9
-11 -114 11.9
-11 -110 11.3
-11 -106 11.3
-11 -102 11.3
-11 -98 10.7
-11 -94 10.7
-11 -90 10
-11 -86 9.8
-11 -82 9.4
-11 -78 8.9
-11 -74 8.4
-11 -70 7.8
-11 -66 7.3
-11 -62 6.6
-11 -58 6
-11 -54 5.2
-11 -50 4.5
-11 -46 3.6
-11 -42 2.7
-11 -38 1.7
-11 -34 0.3
-11 -30 0
-11 -26 0
-11 -22 0
-11 -18 0
-11 -14 0
-11 -10 0
-11 -6 0
-11 -2 0
-11 2 0
-11 6 0
-11 10 0
-11 14 0
-11 18 0
-11 22 0
-11 26 0
-11 30 0
-11 34 0
-11 38 0
-11 42 0
-11 46 0
-11 50 0
-11 54 0
-11 58 0
-11 62 0
-11 66 0
-11 70 0
-11 74 0
-11 78 0
-11 82 0
-11 86 0
-11 90 0
-11 94 0
-11 98 0
-11 102 0
-11 106 0
-11 110 0
-11 114 0
-11 118 0
-11 122 0
-11 126 0
-11 130 0
-11 134 0
-11 138 0
-11 142 1.1
-11 146 2.3
-11 150 3.2
-11 154 4.1
-11 158 4.9
-11 162 5.6
-11 166 6.3
-11 170 7
-11 174 7.6
-11 178 8.1
-13 -178 8.7
-13 -174 9.2
-13 -170 9.7
-13 -166 10
-13 -162 10.7
-13 -158 10.7
-13 -154 11.3
-13 -150 11.3
-13 -146 11.3
-13 -142 11.9
-13 -138 11.9
-13 -134 11.9
-13 -130 11.9
-13 -126 11.9
-13 -122 11.9
-13 -118 11.9
-13 -114 11.9
-13 -110 11.3
-13 -106 11.3
-13 -102 11.3
-13 -98 10.7
-13 -94 10.7
-13 -90 10
-13 -86 9.9
-13 -82 9.4
-13 -78 9
-13 -74 8.5
-13 -70 7.9
-13 -66 7.3
-13 -62 6.7
-13 -58 6
-13 -54 5.3
-13 -50 4.6
-13 -46 3.8
-13 -42 2.8
-13 -38 1.9
-13 -34 0.6
-13 -30 0
-13 -26 0
-13 -22 0
-13 -18 0
-13 -14 0
-13 -10 0
-13 -6 0
-13 -2 0
-13 2 0
-13 6 0
-13 10 0
-13 14 0
-13 18 0
-13 22 0
-13 26 0
-13 30 0
-13 34 0
-13 38 0
-13 42 0
-13 46 0
-13 50 0
-13 54 0
-13 58 0
-13 62 0
-13 66 0
-13 70 0
-13 74 0
-13 78 0
-13 82 0
-13 86 0
-13 90 0
-13 94 0
-13 98 0
-13 102 0
-13 106 0
-13 110 0
-13 114 0
-13 118 0
-13 122 0
-13 126 0
-13 130 0
-13 134 0
-13 138 0
-13 142 1.3
-13 146 2.4
-13 150 3.3
-13 154 4.2
-13 158 5
-13 162 5.7
-13 166 6.4
-13 170 7
-13 174 7.6
-13 178 8.2
-15 -178 8.8
-15 -174 9.3
-15 -170 9.7
-15 -166 10
-15 -162 10.7
-15 -158 10.7
-15 -154 11.3
-15 -150 11.3
-15 -146 11.3
-15 -142 11.9
-15 -138 11.9
-15 -134 11.9
-15 -130 11.9
-15 -126 11.9
-15 -122 11.9
-15 -118 11.9
-15 -114 11.9
-15 -110 11.9
-15 -106 11.3
-15 -102 11.3
-15 -98 10.7
-15 -94 10.7
-15 -90 10
-15 -86 9.9
-15 -82 9.5
-15 -78 9
-15 -74 8.5
-15 -70 8
-15 -66 7.3
-15 -62 6.8
-15 -58 6.1
-15 -54 5.4
-15 -50 4.7
-15 -46 3.9
-15 -42 2.9
-15 -38 2
-15 -34 0.9
-15 -30 0
-15 -26 0
-15 -22 0
-15 -18 0
-15 -14 0
-15 -10 0
-15 -6 0
-15 -2 0
-15 2 0
-15 6 0
-15 10 0
-15 14 0
-15 18 0
-15 22 0
-15 26 0
-15 30 0
-15 34 0
-15 38 0
-15 42 0
-15 46 0
-15 50 0
-15 54 0
-15 58 0
-15 62 0
-15 66 0
-15 70 0
-15 74 0
-15 78 0
-15 82 0
-15 86 0
-15 90 0
-15 94 0
-15 98 0
-15 102 0
-15 106 0
-15 110 0
-15 114 0
-15 118 0
-15 122 0
-15 126 0
-15 130 0
-15 134 0
-15 138 0
-15 142 1.5
-15 146 2.6
-15 150 3.4
-15 154 4.3
-15 158 5.1
-15 162 5.8
-15 166 6.5
-15 170 7.1
-15 174 7.7
-15 178 8.3
-17 -178 8.8
-17 -174 9.3
-17 -170 9.7
-17 -166 10
-17 -162 10.7
-17 -158 10.7
-17 -154 11.3
-17 -150 11.3
-17 -146 11.3
-17 -142 11.9
-17 -138 11.9
-17 -134 11.9
-17 -130 11.9
-17 -126 11.9
-17 -122 11.9
-17 -118 11.9
-17 -114 11.9
-17 -110 11.9
-17 -106 11.3
-17 -102 11.3
-17 -98 10.7
-17 -94 10.7
-17 -90 10
-17 -86 9.9
-17 -82 9.5
-17 -78 9
-17 -74 8.5
-17 -70 8
-17 -66 7.4
-17 -62 6.9
-17 -58 6.2
-17 -54 5.5
-17 -50 4.8
-17 -46 4
-17 -42 3.2
-17 -38 2.2
-17 -34 1.1
-17 -30 0
-17 -26 0
-17 -22 0
-17 -18 0
-17 -14 0
-17 -10 0
-17 -6 0
-17 -2 0
-17 2 0
-17 6 0
-17 10 0
-17 14 0
-17 18 0
-17 22 0
-17 26 0
-17 30 0
-17 34 0
-17 38 0
-17 42 0
-17 46 0
-17 50 0
-17 54 0
-17 58 0
-17 62 0
-17 66 0
-17 70 0
-17 74 0
-17 78 0
-17 82 0
-17 86 0
-17 90 0
-17 94 0
-17 98 0
-17 102 0
-17 106 0
-17 110 0
-17 114 0
-17 118 0
-17 122 0
-17 126 0
-17 130 0
-17 134 0
-17 138 0.3
-17 142 1.7
-17 146 2.7
-17 150 3.5
-17 154 4.4
-17 158 5.2
-17 162 5.9
-17 166 6.5
-17 170 7.1
-17 174 7.7
-17 178 8.3
-19 -178 8.8
-19 -174 9.3
-19 -170 9.7
-19 -166 10
-19 -162 10.7
-19 -158 10.7
-19 -154 11.3
-19 -150 11.3
-19 -146 11.3
-19 -142 11.9
-19 -138 11.9
-19 -134 11.9
-19 -130 11.9
-19 -126 11.9
-19 -122 11.9
-19 -118 11.9
-19 -114 11.9
-19 -110 11.9
-19 -106 11.3
-19 -102 11.3
-19 -98 10.7
-19 -94 10.7
-19 -90 10
-19 -86 9.9
-19 -82 9.5
-19 -78 9
-19 -74 8.5
-19 -70 8
-19 -66 7.5
-19 -62 6.9
-19 -58 6.3
-19 -54 5.6
-19 -50 4.9
-19 -46 4.1
-19 -42 3.3
-19 -38 2.3
-19 -34 1.3
-19 -30 0
-19 -26 0
-19 -22 0
-19 -18 0
-19 -14 0
-19 -10 0
-19 -6 0
-19 -2 0
-19 2 0
-19 6 0
-19 10 0
-19 14 0
-19 18 0
-19 22 0
-19 26 0
-19 30 0
-19 34 0
-19 38 0
-19 42 0
-19 46 0
-19 50 0
-19 54 0
-19 58 0
-19 62 0
-19 66 0
-19 70 0
-19 74 0
-19 78 0
-19 82 0
-19 86 0
-19 90 0
-19 94 0
-19 98 0
-19 102 0
-19 106 0
-19 110 0
-19 114 0
-19 118 0
-19 122 0
-19 126 0
-19 130 0
-19 134 0
-19 138 0.6
-19 142 1.8
-19 146 2.8
-19 150 3.6
-19 154 4.5
-19 158 5.2
-19 162 6
-19 166 6.5
-19 170 7.2
-19 174 7.8
-19 178 8.3
-21 -178 8.8
-21 -174 9.3
-21 -170 9.7
-21 -166 10
-21 -162 10.7
-21 -158 10.7
-21 -154 11.3
-21 -150 11.3
-21 -146 11.3
-21 -142 11.9
-21 -138 11.9
-21 -134 11.9
-21 -130 11.9
-21 -126 11.9
-21 -122 11.9
-21 -118 11.9
-21 -114 11.9
-21 -110 11.9
-21 -106 11.3
-21 -102 11.3
-21 -98 10.7
-21 -94 10.7
-21 -90 10
-21 -86 9.9
-21 -82 9.5
-21 -78 9.1
-21 -74 8.6
-21 -70 8.1
-21 -66 7.5
-21 -62 7
-21 -58 6.3
-21 -54 5.7
-21 -50 5
-21 -46 4.2
-21 -42 3.4
-21 -38 2.4
-21 -34 1.5
-21 -30 0
-21 -26 0
-21 -22 0
-21 -18 0
-21 -14 0
-21 -10 0
-21 -6 0
-21 -2 0
-21 2 0
-21 6 0
-21 10 0
-21 14 0
-21 18 0
-21 22 0
-21 26 0
-21 30 0
-21 34 0
-21 38 0
-21 42 0
-21 46 0
-21 50 0
-21 54 0
-21 58 0
-21 62 0
-21 66 0
-21 70 0
-21 74 0
-21 78 0
-21 82 0
-21 86 0
-21 90 0
-21 94 0
-21 98 0
-21 102 0
-21 106 0
-21 110 0
-21 114 0
-21 118 0
-21 122 0
-21 126 0
-21 130 0
-21 134 0
-21 138 0.9
-21 142 2
-21 146 2.9
-21 150 3.8
-21 154 4.6
-21 158 5.3
-21 162 6
-21 166 6.6
-21 170 7.3
-21 174 7.8
-21 178 8.3
-23 -178 8.9
-23 -174 9.3
-23 -170 9.7
-23 -166 10
-23 -162 10.7
-23 -158 10.7
-23 -154 11.3
-23 -150 11.3
-23 -146 11.3
-23 -142 11.9
-23 -138 11.9
-23 -134 11.9
-23 -130 11.9
-23 -126 11.9
-23 -122 11.9
-23 -118 11.9
-23 -114 11.9
-23 -110 11.3
-23 -106 11.3
-23 -102 11.3
-23 -98 10.7
-23 -94 10.7
-23 -90 10
-23 -86 9.9
-23 -82 9.5
-23 -78 9.1
-23 -74 8.6
-23 -70 8.1
-23 -66 7.6
-23 -62 7
-23 -58 6.4
-23 -54 5.7
-23 -50 5.1
-23 -46 4.3
-23 -42 3.5
-23 -38 2.6
-23 -34 1.6
-23 -30 0.4
-23 -26 0
-23 -22 0
-23 -18 0
-23 -14 0
-23 -10 0
-23 -6 0
-23 -2 0
-23 2 0
-23 6 0
-23 10 0
-23 14 0
-23 18 0
-23 22 0
-23 26 0
-23 30 0
-23 34 0
-23 38 0
-23 42 0
-23 46 0
-23 50 0
-23 54 0
-23 58 0
-23 62 0
-23 66 0
-23 70 0
-23 74 0
-23 78 0
-23 82 0
-23 86 0
-23 90 0
-23 94 0
-23 98 0
-23 102 0
-23 106 0
-23 110 0
-23 114 0
-23 118 0
-23 122 0
-23 126 0
-23 130 0
-23 134 0
-23 138 1.1
-23 142 2.2
-23 146 3.1
-23 150 3.9
-23 154 4.7
-23 158 5.4
-23 162 6
-23 166 6.7
-23 170 7.3
-23 174 7.9
-23 178 8.4
-25 -178 8.9
-25 -174 9.3
-25 -170 9.7
-25 -166 10
-25 -162 10.7
-25 -158 10.7
-25 -154 11.3
-25 -150 11.3
-25 -146 11.3
-25 -142 11.9
-25 -138 11.9
-25 -134 11.9
-25 -130 11.9
-25 -126 11.9
-25 -122 11.9
-25 -118 11.9
-25 -114 11.9
-25 -110 11.3
-25 -106 11.3
-25 -102 11.3
-25 -98 10.7
-25 -94 10.7
-25 -90 10
-25 -86 9.9
-25 -82 9.5
-25 -78 9.1
-25 -74 8.6
-25 -70 8.1
-25 -66 7.6
-25 -62 7
-25 -58 6.5
-25 -54 5.8
-25 -50 5.2
-25 -46 4.4
-25 -42 3.6
-25 -38 2.8
-25 -34 1.8
-25 -30 0.7
-25 -26 0
-25 -22 0
-25 -18 0
-25 -14 0
-25 -10 0
-25 -6 0
-25 -2 0
-25 2 0
-25 6 0
-25 10 0
-25 14 0
-25 18 0
-25 22 0
-25 26 0
-25 30 0
-25 34 0
-25 38 0
-25 42 0
-25 46 0
-25 50 0
-25 54 0
-25 58 0
-25 62 0
-25 66 0
-25 70 0
-25 74 0
-25 78 0
-25 82 0
-25 86 0
-25 90 0
-25 94 0
-25 98 0
-25 102 0
-25 106 0
-25 110 0
-25 114 0
-25 118 0
-25 122 0
-25 126 0
-25 130 0
-25 134 0
-25 138 1.3
-25 142 2.3
-25 146 3.2
-25 150 4
-25 154 4.8
-25 158 5.4
-25 162 6.1
-25 166 6.7
-25 170 7.3
-25 174 7.9
-25 178 8.4
-27 -178 8.9
-27 -174 9.3
-27 -170 9.7
-27 -166 10
-27 -162 10.7
-27 -158 10.7
-27 -154 11.3
-27 -150 11.3
-27 -146 11.3
-27 -142 11.3
-27 -138 11.9
-27 -134 11.9
-27 -130 11.9
-27 -126 11.9
-27 -122 11.9
-27 -118 11.9
-27 -114 11.9
-27 -110 11.3
-27 -106 11.3
-27 -102 11.3
-27 -98 10.7
-27 -94 10.7
-27 -90 10
-27 -86 9.9
-27 -82 9.5
-27 -78 9.1
-27 -74 8.6
-27 -70 8.2
-27 -66 7.7
-27 -62 7
-27 -58 6.5
-27 -54 5.9
-27 -50 5.2
-27 -46 4.5
-27 -42 3.8
-27 -38 2.9
-27 -34 2
-27 -30 0.9
-27 -26 0
-27 -22 0
-27 -18 0
-27 -14 0
-27 -10 0
-27 -6 0
-27 -2 0
-27 2 0
-27 6 0
-27 10 0
-27 14 0
-27 18 0
-27 22 0
-27 26 0
-27 30 0
-27 34 0
-27 38 0
-27 42 0
-27 46 0
-27 50 0
-27 54 0
-27 58 0
-27 62 0
-27 66 0
-27 70 0
-27 74 0
-27 78 0
-27 82 0
-27 86 0
-27 90 0
-27 94 0
-27 98 0
-27 102 0
-27 106 0
-27 110 0
-27 114 0
-27 118 0
-27 122 0
-27 126 0
-27 130 0
-27 134 0.1
-27 138 1.5
-27 142 2.4
-27 146 3.3
-27 150 4.1
-27 154 4.9
-27 158 5.5
-27 162 6.1
-27 166 6.8
-27 170 7.3
-27 174 7.9
-27 178 8.4
-29 -178 8.9
-29 -174 9.3
-29 -170 9.7
-29 -166 10
-29 -162 10.7
-29 -158 10.7
-29 -154 10.7
-29 -150 11.3
-29 -146 11.3
-29 -142 11.3
-29 -138 11.9
-29 -134 11.9
-29 -130 11.9
-29 -126 11.9
-29 -122 11.9
-29 -118 11.9
-29 -114 11.9
-29 -110 11.3
-29 -106 11.3
-29 -102 11.3
-29 -98 10.7
-29 -94 10.7
-29 -90 10
-29 -86 9.9
-29 -82 9.5
-29 -78 9.1
-29 -74 8.6
-29 -70 8.2
-29 -66 7.7
-29 -62 7.1
-29 -58 6.5
-29 -54 5.9
-29 -50 5.2
-29 -46 4.6
-29 -42 3.9
-29 -38 3.1
-29 -34 2.2
-29 -30 1.1
-29 -26 0
-29 -22 0
-29 -18 0
-29 -14 0
-29 -10 0
-29 -6 0
-29 -2 0
-29 2 0
-29 6 0
-29 10 0
-29 14 0
-29 18 0
-29 22 0
-29 26 0
-29 30 0
-29 34 0
-29 38 0
-29 42 0
-29 46 0
-29 50 0
-29 54 0
-29 58 0
-29 62 0
-29 66 0
-29 70 0
-29 74 0
-29 78 0
-29 82 0
-29 86 0
-29 90 0
-29 94 0
-29 98 0
-29 102 0
-29 106 0
-29 110 0
-29 114 0
-29 118 0
-29 122 0
-29 126 0
-29 130 0
-29 134 0.5
-29 138 1.7
-29 142 2.6
-29 146 3.4
-29 150 4.2
-29 154 4.9
-29 158 5.6
-29 162 6.2
-29 166 6.8
-29 170 7.3
-29 174 7.9
-29 178 8.4
-31 -178 8.8
-31 -174 9.3
-31 -170 9.7
-31 -166 10
-31 -162 10.7
-31 -158 10.7
-31 -154 10.7
-31 -150 11.3
-31 -146 11.3
-31 -142 11.3
-31 -138 11.3
-31 -134 11.9
-31 -130 11.9
-31 -126 11.9
-31 -122 11.9
-31 -118 11.9
-31 -114 11.3
-31 -110 11.3
-31 -106 11.3
-31 -102 11.3
-31 -98 10.7
-31 -94 10.7
-31 -90 10
-31 -86 9.9
-31 -82 9.5
-31 -78 9.1
-31 -74 8.6
-31 -70 8.2
-31 -66 7.7
-31 -62 7.1
-31 -58 6.5
-31 -54 6
-31 -50 5.3
-31 -46 4.7
-31 -42 4
-31 -38 3.2
-31 -34 2.3
-31 -30 1.4
-31 -26 0
-31 -22 0
-31 -18 0
-31 -14 0
-31 -10 0
-31 -6 0
-31 -2 0
-31 2 0
-31 6 0
-31 10 0
-31 14 0
-31 18 0
-31 22 0
-31 26 0
-31 30 0
-31 34 0
-31 38 0
-31 42 0
-31 46 0
-31 50 0
-31 54 0
-31 58 0
-31 62 0
-31 66 0
-31 70 0
-31 74 0
-31 78 0
-31 82 0
-31 86 0
-31 90 0
-31 94 0
-31 98 0
-31 102 0
-31 106 0
-31 110 0
-31 114 0
-31 118 0
-31 122 0
-31 126 0
-31 130 0
-31 134 0.8
-31 138 1.9
-31 142 2.7
-31 146 3.5
-31 150 4.3
-31 154 5
-31 158 5.6
-31 162 6.2
-31 166 6.9
-31 170 7.4
-31 174 7.9
-31 178 8.4
-33 -178 8.8
-33 -174 9.3
-33 -170 9.7
-33 -166 10
-33 -162 10
-33 -158 10.7
-33 -154 10.7
-33 -150 11.3
-33 -146 11.3
-33 -142 11.3
-33 -138 11.3
-33 -134 11.3
-33 -130 11.9
-33 -126 11.9
-33 -122 11.9
-33 -118 11.3
-33 -114 11.3
-33 -110 11.3
-33 -106 11.3
-33 -102 10.7
-33 -98 10.7
-33 -94 10.7
-33 -90 10
-33 -86 9.8
-33 -82 9.5
-33 -78 9
-33 -74 8.6
-33 -70 8.2
-33 -66 7.7
-33 -62 7.1
-33 -58 6.5
-33 -54 6
-33 -50 5.3
-33 -46 4.7
-33 -42 4
-33 -38 3.3
-33 -34 2.4
-33 -30 1.5
-33 -26 0.4
-33 -22 0
-33 -18 0
-33 -14 0
-33 -10 0
-33 -6 0
-33 -2 0
-33 2 0
-33 6 0
-33 10 0
-33 14 0
-33 18 0
-33 22 0
-33 26 0
-33 30 0
-33 34 0
-33 38 0
-33 42 0
-33 46 0
-33 50 0
-33 54 0
-33 58 0
-33 62 0
-33 66 0
-33 70 0
-33 74 0
-33 78 0
-33 82 0
-33 86 0
-33 90 0
-33 94 0
-33 98 0
-33 102 0
-33 106 0
-33 110 0
-33 114 0
-33 118 0
-33 122 0
-33 126 0
-33 130 0
-33 134 1
-33 138 2
-33 142 2.8
-33 146 3.6
-33 150 4.4
-33 154 5.1
-33 158 5.7
-33 162 6.3
-33 166 6.9
-33 170 7.4
-33 174 7.9
-33 178 8.4
-35 -178 8.8
-35 -174 9.2
-35 -170 9.6
-35 -166 9.9
-35 -162 10
-35 -158 10.7
-35 -154 10.7
-35 -150 11.3
-35 -146 11.3
-35 -142 11.3
-35 -138 11.3
-35 -134 11.3
-35 -130 11.3
-35 -126 11.3
-35 -122 11.3
-35 -118 11.3
-35 -114 11.3
-35 -110 11.3
-35 -106 11.3
-35 -102 10.7
-35 -98 10.7
-35 -94 10.7
-35 -90 10
-35 -86 9.8
-35 -82 9.4
-35 -78 9
-35 -74 8.6
-35 -70 8.1
-35 -66 7.7
-35 -62 7.1
-35 -58 6.6
-35 -54 6
-35 -50 5.4
-35 -46 4.8
-35 -42 4.1
-35 -38 3.4
-35 -34 2.6
-35 -30 1.7
-35 -26 0.7
-35 -22 0
-35 -18 0
-35 -14 0
-35 -10 0
-35 -6 0
-35 -2 0
-35 2 0
-35 6 0
-35 10 0
-35 14 0
-35 18 0
-35 22 0
-35 26 0
-35 30 0
-35 34 0
-35 38 0
-35 42 0
-35 46 0
-35 50 0
-35 54 0
-35 58 0
-35 62 0
-35 66 0
-35 70 0
-35 74 0
-35 78 0
-35 82 0
-35 86 0
-35 90 0
-35 94 0
-35 98 0
-35 102 0
-35 106 0
-35 110 0
-35 114 0
-35 118 0
-35 122 0
-35 126 0
-35 130 0
-35 134 1.2
-35 138 2.2
-35 142 2.9
-35 146 3.8
-35 150 4.5
-35 154 5.2
-35 158 5.7
-35 162 6.3
-35 166 6.9
-35 170 7.4
-35 174 7.9
-35 178 8.4
-37 -178 8.8
-37 -174 9.2
-37 -170 9.5
-37 -166 9.9
-37 -162 10
-37 -158 10.7
-37 -154 10.7
-37 -150 10.7
-37 -146 11.3
-37 -142 11.3
-37 -138 11.3
-37 -134 11.3
-37 -130 11.3
-37 -126 11.3
-37 -122 11.3
-37 -118 11.3
-37 -114 11.3
-37 -110 11.3
-37 -106 11.3
-37 -102 10.7
-37 -98 10.7
-37 -94 10
-37 -90 10
-37 -86 9.7
-37 -82 9.4
-37 -78 9
-37 -74 8.5
-37 -70 8.1
-37 -66 7.7
-37 -62 7.1
-37 -58 6.6
-37 -54 6
-37 -50 5.4
-37 -46 4.9
-37 -42 4.2
-37 -38 3.5
-37 -34 2.7
-37 -30 1.9
-37 -26 1
-37 -22 0
-37 -18 0
-37 -14 0
-37 -10 0
-37 -6 0
-37 -2 0
-37 2 0
-37 6 0
-37 10 0
-37 14 0
-37 18 0
-37 22 0
-37 26 0
-37 30 0
-37 34 0
-37 38 0
-37 42 0
-37 46 0
-37 50 0
-37 54 0
-37 58 0
-37 62 0
-37 66 0
-37 70 0
-37 74 0
-37 78 0
-37 82 0
-37 86 0
-37 90 0
-37 94 0
-37 98 0
-37 102 0
-37 106 0
-37 110 0
-37 114 0
-37 118 0
-37 122 0
-37 126 0
-37 130 0.3
-37 134 1.5
-37 138 2.3
-37 142 3.1
-37 146 3.9
-37 150 4.5
-37 154 5.2
-37 158 5.8
-37 162 6.4
-37 166 6.9
-37 170 7.4
-37 174 7.9
-37 178 8.3
-39 -178 8.7
-39 -174 9.1
-39 -170 9.5
-39 -166 9.8
-39 -162 10
-39 -158 10.7
-39 -154 10.7
-39 -150 10.7
-39 -146 10.7
-39 -142 11.3
-39 -138 11.3
-39 -134 11.3
-39 -130 11.3
-39 -126 11.3
-39 -122 11.3
-39 -118 11.3
-39 -114 11.3
-39 -110 11.3
-39 -106 10.7
-39 -102 10.7
-39 -98 10.7
-39 -94 10
-39 -90 9.9
-39 -86 9.7
-39 -82 9.3
-39 -78 8.9
-39 -74 8.5
-39 -70 8.1
-39 -66 7.7
-39 -62 7.1
-39 -58 6.6
-39 -54 6
-39 -50 5.5
-39 -46 4.9
-39 -42 4.3
-39 -38 3.6
-39 -34 2.8
-39 -30 2.1
-39 -26 1.2
-39 -22 0
-39 -18 0
-39 -14 0
-39 -10 0
-39 -6 0
-39 -2 0
-39 2 0
-39 6 0
-39 10 0
-39 14 0
-39 18 0
-39 22 0
-39 26 0
-39 30 0
-39 34 0
-39 38 0
-39 42 0
-39 46 0
-39 50 0
-39 54 0
-39 58 0
-39 62 0
-39 66 0
-39 70 0
-39 74 0
-39 78 0
-39 82 0
-39 86 0
-39 90 0
-39 94 0
-39 98 0
-39 102 0
-39 106 0
-39 110 0
-39 114 0
-39 118 0
-39 122 0
-39 126 0
-39 130 0.7
-39 134 1.7
-39 138 2.4
-39 142 3.3
-39 146 4
-39 150 4.6
-39 154 5.2
-39 158 5.8
-39 162 6.4
-39 166 6.9
-39 170 7.4
-39 174 7.9
-39 178 8.3
-41 -178 8.7
-41 -174 9
-41 -170 9.4
-41 -166 9.7
-41 -162 10
-41 -158 10
-41 -154 10.7
-41 -150 10.7
-41 -146 10.7
-41 -142 11.3
-41 -138 11.3
-41 -134 11.3
-41 -130 11.3
-41 -126 11.3
-41 -122 11.3
-41 -118 11.3
-41 -114 11.3
-41 -110 10.7
-41 -106 10.7
-41 -102 10.7
-41 -98 10.7
-41 -94 10
-41 -90 9.9
-41 -86 9.5
-41 -82 9.3
-41 -78 8.8
-41 -74 8.5
-41 -70 8
-41 -66 7.6
-41 -62 7.1
-41 -58 6.6
-41 -54 6.1
-41 -50 5.5
-41 -46 5
-41 -42 4.4
-41 -38 3.8
-41 -34 3.1
-41 -30 2.3
-41 -26 1.4
-41 -22 0.4
-41 -18 0
-41 -14 0
-41 -10 0
-41 -6 0
-41 -2 0
-41 2 0
-41 6 0
-41 10 0
-41 14 0
-41 18 0
-41 22 0
-41 26 0
-41 30 0
-41 34 0
-41 38 0
-41 42 0
-41 46 0
-41 50 0
-41 54 0
-41 58 0
-41 62 0
-41 66 0
-41 70 0
-41 74 0
-41 78 0
-41 82 0
-41 86 0
-41 90 0
-41 94 0
-41 98 0
-41 102 0
-41 106 0
-41 110 0
-41 114 0
-41 118 0
-41 122 0
-41 126 0
-41 130 1
-41 134 1.9
-41 138 2.7
-41 142 3.4
-41 146 4.1
-41 150 4.7
-41 154 5.2
-41 158 5.9
-41 162 6.4
-41 166 6.9
-41 170 7.3
-41 174 7.8
-41 178 8.3
-43 -178 8.6
-43 -174 9
-43 -170 9.3
-43 -166 9.6
-43 -162 9.9
-43 -158 10
-43 -154 10.7
-43 -150 10.7
-43 -146 10.7
-43 -142 10.7
-43 -138 10.7
-43 -134 11.3
-43 -130 11.3
-43 -126 11.3
-43 -122 11.3
-43 -118 11.3
-43 -114 10.7
-43 -110 10.7
-43 -106 10.7
-43 -102 10.7
-43 -98 10
-43 -94 10
-43 -90 9.8
-43 -86 9.5
-43 -82 9.1
-43 -78 8.8
-43 -74 8.4
-43 -70 8
-43 -66 7.6
-43 -62 7.1
-43 -58 6.6
-43 -54 6.1
-43 -50 5.6
-43 -46 5.1
-43 -42 4.4
-43 -38 3.8
-43 -34 3.2
-43 -30 2.4
-43 -26 1.6
-43 -22 0.7
-43 -18 0
-43 -14 0
-43 -10 0
-43 -6 0
-43 -2 0
-43 2 0
-43 6 0
-43 10 0
-43 14 0
-43 18 0
-43 22 0
-43 26 0
-43 30 0
-43 34 0
-43 38 0
-43 42 0
-43 46 0
-43 50 0
-43 54 0
-43 58 0
-43 62 0
-43 66 0
-43 70 0
-43 74 0
-43 78 0
-43 82 0
-43 86 0
-43 90 0
-43 94 0
-43 98 0
-43 102 0
-43 106 0
-43 110 0
-43 114 0
-43 118 0
-43 122 0
-43 126 0
-43 130 1.2
-43 134 2.1
-43 138 2.8
-43 142 3.4
-43 146 4.1
-43 150 4.7
-43 154 5.3
-43 158 5.9
-43 162 6.4
-43 166 6.9
-43 170 7.3
-43 174 7.8
-43 178 8.2
-45 -178 8.5
-45 -174 8.9
-45 -170 9.3
-45 -166 9.5
-45 -162 9.8
-45 -158 10
-45 -154 10
-45 -150 10.7
-45 -146 10.7
-45 -142 10.7
-45 -138 10.7
-45 -134 10.7
-45 -130 10.7
-45 -126 10.7
-45 -122 10.7
-45 -118 10.7
-45 -114 10.7
-45 -110 10.7
-45 -106 10.7
-45 -102 10.7
-45 -98 10
-45 -94 9.9
-45 -90 9.7
-45 -86 9.4
-45 -82 9
-45 -78 8.7
-45 -74 8.3
-45 -70 8
-45 -66 7.5
-45 -62 7.1
-45 -58 6.6
-45 -54 6.1
-45 -50 5.6
-45 -46 5.1
-45 -42 4.5
-45 -38 3.9
-45 -34 3.3
-45 -30 2.6
-45 -26 1.9
-45 -22 1
-45 -18 0
-45 -14 0
-45 -10 0
-45 -6 0
-45 -2 0
-45 2 0
-45 6 0
-45 10 0
-45 14 0
-45 18 0
-45 22 0
-45 26 0
-45 30 0
-45 34 0
-45 38 0
-45 42 0
-45 46 0
-45 50 0
-45 54 0
-45 58 0
-45 62 0
-45 66 0
-45 70 0
-45 74 0
-45 78 0
-45 82 0
-45 86 0
-45 90 0
-45 94 0
-45 98 0
-45 102 0
-45 106 0
-45 110 0
-45 114 0
-45 118 0
-45 122 0
-45 126 0.5
-45 130 1.4
-45 134 2.3
-45 138 2.9
-45 142 3.5
-45 146 4.2
-45 150 4.8
-45 154 5.3
-45 158 5.9
-45 162 6.4
-45 166 6.9
-45 170 7.3
-45 174 7.7
-45 178 8.2
-47 -178 8.5
-47 -174 8.8
-47 -170 9.1
-47 -166 9.4
-47 -162 9.7
-47 -158 9.9
-47 -154 10
-47 -150 10
-47 -146 10.7
-47 -142 10.7
-47 -138 10.7
-47 -134 10.7
-47 -130 10.7
-47 -126 10.7
-47 -122 10.7
-47 -118 10.7
-47 -114 10.7
-47 -110 10.7
-47 -106 10.7
-47 -102 10
-47 -98 10
-47 -94 9.8
-47 -90 9.5
-47 -86 9.3
-47 -82 9
-47 -78 8.6
-47 -74 8.3
-47 -70 7.9
-47 -66 7.5
-47 -62 7
-47 -58 6.6
-47 -54 6.1
-47 -50 5.6
-47 -46 5.1
-47 -42 4.6
-47 -38 4
-47 -34 3.4
-47 -30 2.7
-47 -26 2.1
-47 -22 1.3
-47 -18 0.3
-47 -14 0
-47 -10 0
-47 -6 0
-47 -2 0
-47 2 0
-47 6 0
-47 10 0
-47 14 0
-47 18 0
-47 22 0
-47 26 0
-47 30 0
-47 34 0
-47 38 0
-47 42 0
-47 46 0
-47 50 0
-47 54 0
-47 58 0
-47 62 0
-47 66 0
-47 70 0
-47 74 0
-47 78 0
-47 82 0
-47 86 0
-47 90 0
-47 94 0
-47 98 0
-47 102 0
-47 106 0
-47 110 0
-47 114 0
-47 118 0
-47 122 0
-47 126 0.8
-47 130 1.7
-47 134 2.4
-47 138 3.1
-47 142 3.6
-47 146 4.3
-47 150 4.9
-47 154 5.3
-47 158 5.9
-47 162 6.4
-47 166 6.9
-47 170 7.3
-47 174 7.7
-47 178 8.1
-49 -178 8.4
-49 -174 8.7
-49 -170 9
-49 -166 9.3
-49 -162 9.5
-49 -158 9.8
-49 -154 10
-49 -150 10
-49 -146 10
-49 -142 10.7
-49 -138 10.7
-49 -134 10.7
-49 -130 10.7
-49 -126 10.7
-49 -122 10.7
-49 -118 10.7
-49 -114 10.7
-49 -110 10.7
-49 -106 10
-49 -102 10
-49 -98 9.9
-49 -94 9.7
-49 -90 9.4
-49 -86 9.2
-49 -82 8.8
-49 -78 8.5
-49 -74 8.2
-49 -70 7.8
-49 -66 7.4
-49 -62 7
-49 -58 6.5
-49 -54 6.1
-49 -50 5.6
-49 -46 5.2
-49 -42 4.6
-49 -38 4.1
-49 -34 3.5
-49 -30 2.8
-49 -26 2.3
-49 -22 1.5
-49 -18 0.7
-49 -14 0
-49 -10 0
-49 -6 0
-49 -2 0
-49 2 0
-49 6 0
-49 10 0
-49 14 0
-49 18 0
-49 22 0
-49 26 0
-49 30 0
-49 34 0
-49 38 0
-49 42 0
-49 46 0
-49 50 0
-49 54 0
-49 58 0
-49 62 0
-49 66 0
-49 70 0
-49 74 0
-49 78 0
-49 82 0
-49 86 0
-49 90 0
-49 94 0
-49 98 0
-49 102 0
-49 106 0
-49 110 0
-49 114 0
-49 118 0
-49 122 0.1
-49 126 1.1
-49 130 1.9
-49 134 2.6
-49 138 3.2
-49 142 3.8
-49 146 4.4
-49 150 4.9
-49 154 5.4
-49 158 5.9
-49 162 6.4
-49 166 6.8
-49 170 7.3
-49 174 7.7
-49 178 8
-51 -178 8.3
-51 -174 8.6
-51 -170 8.9
-51 -166 9.2
-51 -162 9.4
-51 -158 9.7
-51 -154 9.8
-51 -150 10
-51 -146 10
-51 -142 10
-51 -138 10.7
-51 -134 10.7
-51 -130 10.7
-51 -126 10.7
-51 -122 10.7
-51 -118 10.7
-51 -114 10
-51 -110 10
-51 -106 10
-51 -102 9.9
-51 -98 9.7
-51 -94 9.5
-51 -90 9.3
-51 -86 9
-51 -82 8.8
-51 -78 8.5
-51 -74 8.1
-51 -70 7.7
-51 -66 7.3
-51 -62 7
-51 -58 6.5
-51 -54 6.1
-51 -50 5.7
-51 -46 5.2
-51 -42 4.7
-51 -38 4.2
-51 -34 3.6
-51 -30 3.1
-51 -26 2.4
-51 -22 1.7
-51 -18 1
-51 -14 0
-51 -10 0
-51 -6 0
-51 -2 0
-51 2 0
-51 6 0
-51 10 0
-51 14 0
-51 18 0
-51 22 0
-51 26 0
-51 30 0
-51 34 0
-51 38 0
-51 42 0
-51 46 0
-51 50 0
-51 54 0
-51 58 0
-51 62 0
-51 66 0
-51 70 0
-51 74 0
-51 78 0
-51 82 0
-51 86 0
-51 90 0
-51 94 0
-51 98 0
-51 102 0
-51 106 0
-51 110 0
-51 114 0
-51 118 0
-51 122 0.6
-51 126 1.4
-51 130 2.1
-51 134 2.7
-51 138 3.3
-51 142 3.9
-51 146 4.4
-51 150 5
-51 154 5.4
-51 158 5.9
-51 162 6.4
-51 166 6.8
-51 170 7.2
-51 174 7.6
-51 178 8
-53 -178 8.2
-53 -174 8.5
-53 -170 8.8
-53 -166 9
-53 -162 9.3
-53 -158 9.5
-53 -154 9.7
-53 -150 9.8
-53 -146 9.9
-53 -142 10
-53 -138 10
-53 -134 10
-53 -130 10
-53 -126 10
-53 -122 10
-53 -118 10
-53 -114 10
-53 -110 10
-53 -106 9.9
-53 -102 9.7
-53 -98 9.6
-53 -94 9.4
-53 -90 9.1
-53 -86 8.9
-53 -82 8.6
-53 -78 8.3
-53 -74 8
-53 -70 7.7
-53 -66 7.3
-53 -62 7
-53 -58 6.5
-53 -54 6.1
-53 -50 5.7
-53 -46 5.2
-53 -42 4.7
-53 -38 4.2
-53 -34 3.8
-53 -30 3.2
-53 -26 2.6
-53 -22 2
-53 -18 1.3
-53 -14 0.5
-53 -10 0
-53 -6 0
-53 -2 0
-53 2 0
-53 6 0
-53 10 0
-53 14 0
-53 18 0
-53 22 0
-53 26 0
-53 30 0
-53 34 0
-53 38 0
-53 42 0
-53 46 0
-53 50 0
-53 54 0
-53 58 0
-53 62 0
-53 66 0
-53 70 0
-53 74 0
-53 78 0
-53 82 0
-53 86 0
-53 90 0
-53 94 0
-53 98 0
-53 102 0
-53 106 0
-53 110 0
-53 114 0
-53 118 0
-53 122 0.9
-53 126 1.6
-53 130 2.3
-53 134 2.8
-53 138 3.4
-53 142 4
-53 146 4.5
-53 150 5
-53 154 5.4
-53 158 5.9
-53 162 6.3
-53 166 6.7
-53 170 7.1
-53 174 7.5
-53 178 7.8
-55 -178 8
-55 -174 8.3
-55 -170 8.6
-55 -166 8.9
-55 -162 9.1
-55 -158 9.3
-55 -154 9.5
-55 -150 9.7
-55 -146 9.8
-55 -142 9.9
-55 -138 10
-55 -134 10
-55 -130 10
-55 -126 10
-55 -122 10
-55 -118 10
-55 -114 9.9
-55 -110 9.9
-55 -106 9.7
-55 -102 9.6
-55 -98 9.4
-55 -94 9.2
-55 -90 9
-55 -86 8.8
-55 -82 8.5
-55 -78 8.2
-55 -74 7.9
-55 -70 7.6
-55 -66 7.3
-55 -62 6.9
-55 -58 6.5
-55 -54 6
-55 -50 5.7
-55 -46 5.2
-55 -42 4.8
-55 -38 4.3
-55 -34 3.8
-55 -30 3.3
-55 -26 2.7
-55 -22 2.2
-55 -18 1.6
-55 -14 0.9
-55 -10 0
-55 -6 0
-55 -2 0
-55 2 0
-55 6 0
-55 10 0
-55 14 0
-55 18 0
-55 22 0
-55 26 0
-55 30 0
-55 34 0
-55 38 0
-55 42 0
-55 46 0
-55 50 0
-55 54 0
-55 58 0
-55 62 0
-55 66 0
-55 70 0
-55 74 0
-55 78 0
-55 82 0
-55 86 0
-55 90 0
-55 94 0
-55 98 0
-55 102 0
-55 106 0
-55 110 0
-55 114 0
-55 118 0.5
-55 122 1.2
-55 126 1.9
-55 130 2.4
-55 134 3.1
-55 138 3.5
-55 142 4.1
-55 146 4.6
-55 150 5
-55 154 5.4
-55 158 5.9
-55 162 6.3
-55 166 6.7
-55 170 7
-55 174 7.4
-55 178 7.7
-57 -178 8
-57 -174 8.3
-57 -170 8.5
-57 -166 8.7
-57 -162 9
-57 -158 9.1
-57 -154 9.3
-57 -150 9.5
-57 -146 9.6
-57 -142 9.7
-57 -138 9.7
-57 -134 9.8
-57 -130 9.9
-57 -126 9.9
-57 -122 9.9
-57 -118 9.8
-57 -114 9.7
-57 -110 9.7
-57 -106 9.5
-57 -102 9.4
-57 -98 9.3
-57 -94 9
-57 -90 8.8
-57 -86 8.6
-57 -82 8.3
-57 -78 8.1
-57 -74 7.8
-57 -70 7.5
-57 -66 7.2
-57 -62 6.8
-57 -58 6.5
-57 -54 6
-57 -50 5.7
-57 -46 5.2
-57 -42 4.8
-57 -38 4.4
-57 -34 3.9
-57 -30 3.4
-57 -26 2.9
-57 -22 2.4
-57 -18 1.8
-57 -14 1.2
-57 -10 0.5
-57 -6 0
-57 -2 0
-57 2 0
-57 6 0
-57 10 0
-57 14 0
-57 18 0
-57 22 0
-57 26 0
-57 30 0
-57 34 0
-57 38 0
-57 42 0
-57 46 0
-57 50 0
-57 54 0
-57 58 0
-57 62 0
-57 66 0
-57 70 0
-57 74 0
-57 78 0
-57 82 0
-57 86 0
-57 90 0
-57 94 0
-57 98 0
-57 102 0
-57 106 0
-57 110 0
-57 114 0
-57 118 0.9
-57 122 1.5
-57 126 2.1
-57 130 2.7
-57 134 3.2
-57 138 3.6
-57 142 4.2
-57 146 4.6
-57 150 5.1
-57 154 5.4
-57 158 5.9
-57 162 6.2
-57 166 6.6
-57 170 7
-57 174 7.3
-57 178 7.7
-59 -178 7.8
-59 -174 8.1
-59 -170 8.3
-59 -166 8.5
-59 -162 8.8
-59 -158 9
-59 -154 9.1
-59 -150 9.3
-59 -146 9.4
-59 -142 9.5
-59 -138 9.5
-59 -134 9.6
-59 -130 9.7
-59 -126 9.7
-59 -122 9.6
-59 -118 9.6
-59 -114 9.5
-59 -110 9.5
-59 -106 9.3
-59 -102 9.2
-59 -98 9
-59 -94 8.8
-59 -90 8.7
-59 -86 8.5
-59 -82 8.2
-59 -78 8
-59 -74 7.7
-59 -70 7.3
-59 -66 7
-59 -62 6.7
-59 -58 6.4
-59 -54 6
-59 -50 5.6
-59 -46 5.2
-59 -42 4.9
-59 -38 4.4
-59 -34 4
-59 -30 3.5
-59 -26 3.1
-59 -22 2.6
-59 -18 2.1
-59 -14 1.5
-59 -10 0.9
-59 -6 0.2
-59 -2 0
-59 2 0
-59 6 0
-59 10 0
-59 14 0
-59 18 0
-59 22 0
-59 26 0
-59 30 0
-59 34 0
-59 38 0
-59 42 0
-59 46 0
-59 50 0
-59 54 0
-59 58 0
-59 62 0
-59 66 0
-59 70 0
-59 74 0
-59 78 0
-59 82 0
-59 86 0
-59 90 0
-59 94 0
-59 98 0
-59 102 0
-59 106 0
-59 110 0
-59 114 0.6
-59 118 1.2
-59 122 1.8
-59 126 2.3
-59 130 2.8
-59 134 3.3
-59 138 3.8
-59 142 4.2
-59 146 4.7
-59 150 5.1
-59 154 5.4
-59 158 5.9
-59 162 6.2
-59 166 6.5
-59 170 6.9
-59 174 7.2
-59 178 7.5
-61 -178 7.7
-61 -174 8
-61 -170 8.2
-61 -166 8.4
-61 -162 8.5
-61 -158 8.8
-61 -154 8.9
-61 -150 9
-61 -146 9.2
-61 -142 9.3
-61 -138 9.3
-61 -134 9.4
-61 -130 9.4
-61 -126 9.4
-61 -122 9.4
-61 -118 9.3
-61 -114 9.3
-61 -110 9.2
-61 -106 9.1
-61 -102 9
-61 -98 8.8
-61 -94 8.7
-61 -90 8.5
-61 -86 8.3
-61 -82 8
-61 -78 7.8
-61 -74 7.6
-61 -70 7.3
-61 -66 7
-61 -62 6.6
-61 -58 6.3
-61 -54 6
-61 -50 5.6
-61 -46 5.2
-61 -42 4.9
-61 -38 4.5
-61 -34 4.1
-61 -30 3.6
-61 -26 3.2
-61 -22 2.8
-61 -18 2.3
-61 -14 1.8
-61 -10 1.3
-61 -6 0.7
-61 -2 0
-61 2 0
-61 6 0
-61 10 0
-61 14 0
-61 18 0
-61 22 0
-61 26 0
-61 30 0
-61 34 0
-61 38 0
-61 42 0
-61 46 0
-61 50 0
-61 54 0
-61 58 0
-61 62 0
-61 66 0
-61 70 0
-61 74 0
-61 78 0
-61 82 0
-61 86 0
-61 90 0
-61 94 0
-61 98 0
-61 102 0
-61 106 0
-61 110 0.4
-61 114 1
-61 118 1.6
-61 122 2.1
-61 126 2.6
-61 130 2.9
-61 134 3.4
-61 138 3.9
-61 142 4.3
-61 146 4.7
-61 150 5.1
-61 154 5.4
-61 158 5.8
-61 162 6.1
-61 166 6.5
-61 170 6.8
-61 174 7.1
-61 178 7.4
-63 -178 7.5
-63 -174 7.8
-63 -170 8
-63 -166 8.2
-63 -162 8.4
-63 -158 8.5
-63 -154 8.7
-63 -150 8.8
-63 -146 8.9
-63 -142 9
-63 -138 9.1
-63 -134 9.1
-63 -130 9.2
-63 -126 9.2
-63 -122 9.2
-63 -118 9.1
-63 -114 9
-63 -110 9
-63 -106 8.9
-63 -102 8.8
-63 -98 8.6
-63 -94 8.5
-63 -90 8.3
-63 -86 8.1
-63 -82 7.9
-63 -78 7.7
-63 -74 7.4
-63 -70 7.1
-63 -66 6.9
-63 -62 6.5
-63 -58 6.3
-63 -54 6
-63 -50 5.6
-63 -46 5.2
-63 -42 4.9
-63 -38 4.6
-63 -34 4.2
-63 -30 3.8
-63 -26 3.4
-63 -22 2.9
-63 -18 2.6
-63 -14 2.1
-63 -10 1.6
-63 -6 1.2
-63 -2 0.6
-63 2 0
-63 6 0
-63 10 0
-63 14 0
-63 18 0
-63 22 0
-63 26 0
-63 30 0
-63 34 0
-63 38 0
-63 42 0
-63 46 0
-63 50 0
-63 54 0
-63 58 0
-63 62 0
-63 66 0
-63 70 0
-63 74 0
-63 78 0
-63 82 0
-63 86 0
-63 90 0
-63 94 0
-63 98 0
-63 102 0
-63 106 0.3
-63 110 0.9
-63 114 1.4
-63 118 1.9
-63 122 2.3
-63 126 2.7
-63 130 3.2
-63 134 3.5
-63 138 4
-63 142 4.4
-63 146 4.8
-63 150 5.1
-63 154 5.4
-63 158 5.8
-63 162 6.1
-63 166 6.5
-63 170 6.7
-63 174 7
-63 178 7.3
-65 -178 7.4
-65 -174 7.6
-65 -170 7.8
-65 -166 8
-65 -162 8.2
-65 -158 8.3
-65 -154 8.5
-65 -150 8.6
-65 -146 8.7
-65 -142 8.8
-65 -138 8.8
-65 -134 8.9
-65 -130 8.9
-65 -126 8.9
-65 -122 8.9
-65 -118 8.9
-65 -114 8.8
-65 -110 8.8
-65 -106 8.6
-65 -102 8.5
-65 -98 8.4
-65 -94 8.3
-65 -90 8.1
-65 -86 7.9
-65 -82 7.7
-65 -78 7.5
-65 -74 7.3
-65 -70 7
-65 -66 6.8
-65 -62 6.5
-65 -58 6.2
-65 -54 5.9
-65 -50 5.6
-65 -46 5.2
-65 -42 5
-65 -38 4.6
-65 -34 4.3
-65 -30 3.9
-65 -26 3.5
-65 -22 3.2
-65 -18 2.7
-65 -14 2.3
-65 -10 1.9
-65 -6 1.5
-65 -2 1.1
-65 2 0.6
-65 6 0
-65 10 0
-65 14 0
-65 18 0
-65 22 0
-65 26 0
-65 30 0
-65 34 0
-65 38 0
-65 42 0
-65 46 0
-65 50 0
-65 54 0
-65 58 0
-65 62 0
-65 66 0
-65 70 0
-65 74 0
-65 78 0
-65 82 0
-65 86 0
-65 90 0
-65 94 0
-65 98 0
-65 102 0.3
-65 106 0.8
-65 110 1.3
-65 114 1.7
-65 118 2.1
-65 122 2.6
-65 126 2.9
-65 130 3.3
-65 134 3.6
-65 138 4.1
-65 142 4.4
-65 146 4.8
-65 150 5.1
-65 154 5.4
-65 158 5.8
-65 162 6
-65 166 6.4
-65 170 6.6
-65 174 6.9
-65 178 7.1
-67 -178 7.3
-67 -174 7.4
-67 -170 7.7
-67 -166 7.8
-67 -162 8
-67 -158 8.1
-67 -154 8.3
-67 -150 8.3
-67 -146 8.5
-67 -142 8.5
-67 -138 8.6
-67 -134 8.6
-67 -130 8.6
-67 -126 8.7
-67 -122 8.6
-67 -118 8.6
-67 -114 8.5
-67 -110 8.5
-67 -106 8.4
-67 -102 8.3
-67 -98 8.2
-67 -94 8
-67 -90 7.9
-67 -86 7.7
-67 -82 7.5
-67 -78 7.3
-67 -74 7.1
-67 -70 6.9
-67 -66 6.6
-67 -62 6.4
-67 -58 6.1
-67 -54 5.9
-67 -50 5.5
-67 -46 5.2
-67 -42 5
-67 -38 4.7
-67 -34 4.3
-67 -30 4
-67 -26 3.6
-67 -22 3.3
-67 -18 2.9
-67 -14 2.6
-67 -10 2.3
-67 -6 1.9
-67 -2 1.5
-67 2 1.1
-67 6 0.7
-67 10 0.1
-67 14 0
-67 18 0
-67 22 0
-67 26 0
-67 30 0
-67 34 0
-67 38 0
-67 42 0
-67 46 0
-67 50 0
-67 54 0
-67 58 0
-67 62 0
-67 66 0
-67 70 0
-67 74 0
-67 78 0
-67 82 0
-67 86 0
-67 90 0
-67 94 0
-67 98 0.4
-67 102 0.9
-67 106 1.3
-67 110 1.7
-67 114 2.1
-67 118 2.4
-67 122 2.8
-67 126 3.1
-67 130 3.4
-67 134 3.9
-67 138 4.2
-67 142 4.5
-67 146 4.8
-67 150 5.2
-67 154 5.4
-67 158 5.7
-67 162 6
-67 166 6.3
-67 170 6.5
-67 174 6.8
-67 178 7
-69 -178 7
-69 -174 7.3
-69 -170 7.4
-69 -166 7.6
-69 -162 7.7
-69 -158 7.9
-69 -154 8
-69 -150 8.1
-69 -146 8.2
-69 -142 8.3
-69 -138 8.3
-69 -134 8.3
-69 -130 8.4
-69 -126 8.4
-69 -122 8.4
-69 -118 8.3
-69 -114 8.3
-69 -110 8.3
-69 -106 8.2
-69 -102 8
-69 -98 8
-69 -94 7.8
-69 -90 7.7
-69 -86 7.5
-69 -82 7.3
-69 -78 7.2
-69 -74 7
-69 -70 6.8
-69 -66 6.5
-69 -62 6.3
-69 -58 6
-69 -54 5.8
-69 -50 5.5
-69 -46 5.2
-69 -42 5
-69 -38 4.7
-69 -34 4.4
-69 -30 4.1
-69 -26 3.8
-69 -22 3.4
-69 -18 3.2
-69 -14 2.8
-69 -10 2.6
-69 -6 2.2
-69 -2 1.9
-69 2 1.5
-69 6 1.2
-69 10 0.9
-69 14 0.5
-69 18 0
-69 22 0
-69 26 0
-69 30 0
-69 34 0
-69 38 0
-69 42 0
-69 46 0
-69 50 0
-69 54 0
-69 58 0
-69 62 0
-69 66 0
-69 70 0
-69 74 0
-69 78 0
-69 82 0
-69 86 0
-69 90 0.3
-69 94 0.7
-69 98 1
-69 102 1.4
-69 106 1.7
-69 110 2
-69 114 2.3
-69 118 2.7
-69 122 2.9
-69 126 3.3
-69 130 3.6
-69 134 4
-69 138 4.3
-69 142 4.6
-69 146 4.9
-69 150 5.2
-69 154 5.4
-69 158 5.7
-69 162 6
-69 166 6.2
-69 170 6.4
-69 174 6.6
-69 178 6.9
-71 -178 6.9
-71 -174 7
-71 -170 7.3
-71 -166 7.3
-71 -162 7.5
-71 -158 7.7
-71 -154 7.7
-71 -150 7.9
-71 -146 8
-71 -142 8
-71 -138 8
-71 -134 8.1
-71 -130 8.1
-71 -126 8.1
-71 -122 8.1
-71 -118 8
-71 -114 8
-71 -110 8
-71 -106 7.9
-71 -102 7.8
-71 -98 7.7
-71 -94 7.6
-71 -90 7.4
-71 -86 7.3
-71 -82 7.2
-71 -78 7
-71 -74 6.8
-71 -70 6.6
-71 -66 6.4
-71 -62 6.2
-71 -58 6
-71 -54 5.7
-71 -50 5.5
-71 -46 5.2
-71 -42 5
-71 -38 4.7
-71 -34 4.5
-71 -30 4.2
-71 -26 3.9
-71 -22 3.6
-71 -18 3.3
-71 -14 3.1
-71 -10 2.8
-71 -6 2.4
-71 -2 2.2
-71 2 1.9
-71 6 1.6
-71 10 1.4
-71 14 1.1
-71 18 0.8
-71 22 0.6
-71 26 0.3
-71 30 0
-71 34 0
-71 38 0
-71 42 0
-71 46 0
-71 50 0
-71 54 0
-71 58 0
-71 62 0
-71 66 0
-71 70 0
-71 74 0
-71 78 0.1
-71 82 0.4
-71 86 0.7
-71 90 1
-71 94 1.2
-71 98 1.5
-71 102 1.8
-71 106 2.1
-71 110 2.3
-71 114 2.6
-71 118 2.9
-71 122 3.2
-71 126 3.5
-71 130 3.8
-71 134 4.1
-71 138 4.3
-71 142 4.6
-71 146 4.9
-71 150 5.2
-71 154 5.3
-71 158 5.6
-71 162 5.9
-71 166 6
-71 170 6.3
-71 174 6.5
-71 178 6.7
-73 -178 6.7
-73 -174 6.9
-73 -170 7
-73 -166 7.2
-73 -162 7.3
-73 -158 7.4
-73 -154 7.5
-73 -150 7.6
-73 -146 7.7
-73 -142 7.7
-73 -138 7.7
-73 -134 7.8
-73 -130 7.8
-73 -126 7.8
-73 -122 7.8
-73 -118 7.8
-73 -114 7.7
-73 -110 7.7
-73 -106 7.6
-73 -102 7.5
-73 -98 7.4
-73 -94 7.3
-73 -90 7.2
-73 -86 7.1
-73 -82 7
-73 -78 6.8
-73 -74 6.6
-73 -70 6.5
-73 -66 6.3
-73 -62 6
-73 -58 5.9
-73 -54 5.7
-73 -50 5.4
-73 -46 5.2
-73 -42 5
-73 -38 4.8
-73 -34 4.5
-73 -30 4.3
-73 -26 4
-73 -22 3.8
-73 -18 3.5
-73 -14 3.3
-73 -10 3.1
-73 -6 2.8
-73 -2 2.6
-73 2 2.3
-73 6 2.1
-73 10 1.8
-73 14 1.6
-73 18 1.4
-73 22 1.2
-73 26 1
-73 30 0.9
-73 34 0.7
-73 38 0.6
-73 42 0.4
-73 46 0.4
-73 50 0.3
-73 54 0.3
-73 58 0.3
-73 62 0.4
-73 66 0.5
-73 70 0.6
-73 74 0.8
-73 78 0.9
-73 82 1.1
-73 86 1.3
-73 90 1.5
-73 94 1.7
-73 98 1.9
-73 102 2.2
-73 106 2.4
-73 110 2.7
-73 114 2.9
-73 118 3.2
-73 122 3.4
-73 126 3.6
-73 130 3.9
-73 134 4.2
-73 138 4.4
-73 142 4.6
-73 146 4.9
-73 150 5.1
-73 154 5.3
-73 158 5.5
-73 162 5.8
-73 166 6
-73 170 6.1
-73 174 6.4
-73 178 6.5
-75 -178 6.5
-75 -174 6.6
-75 -170 6.8
-75 -166 7
-75 -162 7
-75 -158 7.1
-75 -154 7.2
-75 -150 7.3
-75 -146 7.3
-75 -142 7.4
-75 -138 7.4
-75 -134 7.5
-75 -130 7.5
-75 -126 7.5
-75 -122 7.5
-75 -118 7.5
-75 -114 7.4
-75 -110 7.4
-75 -106 7.3
-75 -102 7.3
-75 -98 7.2
-75 -94 7.1
-75 -90 7
-75 -86 6.9
-75 -82 6.7
-75 -78 6.6
-75 -74 6.5
-75 -70 6.3
-75 -66 6.1
-75 -62 6
-75 -58 5.8
-75 -54 5.6
-75 -50 5.4
-75 -46 5.2
-75 -42 5
-75 -38 4.8
-75 -34 4.6
-75 -30 4.4
-75 -26 4.2
-75 -22 4
-75 -18 3.8
-75 -14 3.5
-75 -10 3.3
-75 -6 3.1
-75 -2 2.8
-75 2 2.7
-75 6 2.4
-75 10 2.3
-75 14 2.1
-75 18 1.9
-75 22 1.8
-75 26 1.6
-75 30 1.5
-75 34 1.4
-75 38 1.3
-75 42 1.2
-75 46 1.2
-75 50 1.1
-75 54 1.1
-75 58 1.1
-75 62 1.2
-75 66 1.2
-75 70 1.3
-75 74 1.4
-75 78 1.5
-75 82 1.7
-75 86 1.8
-75 90 2
-75 94 2.2
-75 98 2.3
-75 102 2.6
-75 106 2.7
-75 110 2.9
-75 114 3.2
-75 118 3.4
-75 122 3.6
-75 126 3.9
-75 130 4.1
-75 134 4.3
-75 138 4.5
-75 142 4.7
-75 146 4.9
-75 150 5.1
-75 154 5.2
-75 158 5.5
-75 162 5.7
-75 166 5.9
-75 170 6
-75 174 6.2
-75 178 6.4
-77 -178 6.3
-77 -174 6.5
-77 -170 6.5
-77 -166 6.7
-77 -162 6.8
-77 -158 6.9
-77 -154 7
-77 -150 7
-77 -146 7
-77 -142 7.1
-77 -138 7.1
-77 -134 7.2
-77 -130 7.2
-77 -126 7.2
-77 -122 7.2
-77 -118 7.2
-77 -114 7.1
-77 -110 7.1
-77 -106 7
-77 -102 7
-77 -98 6.9
-77 -94 6.8
-77 -90 6.7
-77 -86 6.6
-77 -82 6.5
-77 -78 6.4
-77 -74 6.3
-77 -70 6.1
-77 -66 6
-77 -62 5.8
-77 -58 5.7
-77 -54 5.5
-77 -50 5.3
-77 -46 5.2
-77 -42 5
-77 -38 4.8
-77 -34 4.6
-77 -30 4.5
-77 -26 4.3
-77 -22 4.1
-77 -18 3.9
-77 -14 3.6
-77 -10 3.5
-77 -6 3.3
-77 -2 3.2
-77 2 2.9
-77 6 2.8
-77 10 2.7
-77 14 2.6
-77 18 2.4
-77 22 2.3
-77 26 2.1
-77 30 2
-77 34 1.9
-77 38 1.9
-77 42 1.8
-77 46 1.8
-77 50 1.8
-77 54 1.7
-77 58 1.8
-77 62 1.8
-77 66 1.8
-77 70 1.9
-77 74 2
-77 78 2.1
-77 82 2.2
-77 86 2.3
-77 90 2.4
-77 94 2.6
-77 98 2.7
-77 102 2.9
-77 106 3.1
-77 110 3.2
-77 114 3.4
-77 118 3.6
-77 122 3.8
-77 126 4
-77 130 4.2
-77 134 4.4
-77 138 4.5
-77 142 4.7
-77 146 4.9
-77 150 5.1
-77 154 5.2
-77 158 5.4
-77 162 5.6
-77 166 5.8
-77 170 5.9
-77 174 6
-77 178 6.2
-79 -178 6.1
-79 -174 6.2
-79 -170 6.3
-79 -166 6.4
-79 -162 6.5
-79 -158 6.5
-79 -154 6.6
-79 -150 6.7
-79 -146 6.8
-79 -142 6.8
-79 -138 6.8
-79 -134 6.9
-79 -130 6.9
-79 -126 6.9
-79 -122 6.9
-79 -118 6.9
-79 -114 6.8
-79 -110 6.8
-79 -106 6.7
-79 -102 6.7
-79 -98 6.6
-79 -94 6.5
-79 -90 6.5
-79 -86 6.4
-79 -82 6.3
-79 -78 6.2
-79 -74 6
-79 -70 6
-79 -66 5.8
-79 -62 5.7
-79 -58 5.5
-79 -54 5.4
-79 -50 5.2
-79 -46 5.2
-79 -42 5
-79 -38 4.8
-79 -34 4.7
-79 -30 4.5
-79 -26 4.4
-79 -22 4.2
-79 -18 4.1
-79 -14 3.9
-79 -10 3.8
-79 -6 3.5
-79 -2 3.4
-79 2 3.3
-79 6 3.2
-79 10 3.1
-79 14 2.9
-79 18 2.8
-79 22 2.7
-79 26 2.6
-79 30 2.6
-79 34 2.4
-79 38 2.4
-79 42 2.4
-79 46 2.3
-79 50 2.3
-79 54 2.3
-79 58 2.3
-79 62 2.3
-79 66 2.4
-79 70 2.4
-79 74 2.6
-79 78 2.6
-79 82 2.7
-79 86 2.7
-79 90 2.8
-79 94 2.9
-79 98 3.1
-79 102 3.2
-79 106 3.4
-79 110 3.5
-79 114 3.6
-79 118 3.8
-79 122 4
-79 126 4.1
-79 130 4.3
-79 134 4.4
-79 138 4.6
-79 142 4.8
-79 146 4.9
-79 150 5.1
-79 154 5.2
-79 158 5.3
-79 162 5.5
-79 166 5.6
-79 170 5.8
-79 174 5.9
-79 178 6
-81 -178 5.9
-81 -174 6
-81 -170 6
-81 -166 6.1
-81 -162 6.2
-81 -158 6.3
-81 -154 6.4
-81 -150 6.4
-81 -146 6.5
-81 -142 6.5
-81 -138 6.5
-81 -134 6.5
-81 -130 6.5
-81 -126 6.5
-81 -122 6.5
-81 -118 6.5
-81 -114 6.5
-81 -110 6.5
-81 -106 6.4
-81 -102 6.4
-81 -98 6.3
-81 -94 6.3
-81 -90 6.2
-81 -86 6.1
-81 -82 6
-81 -78 6
-81 -74 5.9
-81 -70 5.8
-81 -66 5.7
-81 -62 5.5
-81 -58 5.4
-81 -54 5.3
-81 -50 5.2
-81 -46 5.1
-81 -42 5
-81 -38 4.9
-81 -34 4.7
-81 -30 4.6
-81 -26 4.5
-81 -22 4.3
-81 -18 4.2
-81 -14 4.1
-81 -10 4
-81 -6 3.9
-81 -2 3.8
-81 2 3.6
-81 6 3.5
-81 10 3.4
-81 14 3.3
-81 18 3.2
-81 22 3.2
-81 26 3.1
-81 30 2.9
-81 34 2.9
-81 38 2.9
-81 42 2.8
-81 46 2.8
-81 50 2.8
-81 54 2.8
-81 58 2.8
-81 62 2.8
-81 66 2.9
-81 70 2.9
-81 74 2.9
-81 78 3.1
-81 82 3.1
-81 86 3.2
-81 90 3.3
-81 94 3.3
-81 98 3.4
-81 102 3.5
-81 106 3.6
-81 110 3.8
-81 114 3.9
-81 118 4
-81 122 4.2
-81 126 4.3
-81 130 4.4
-81 134 4.5
-81 138 4.7
-81 142 4.8
-81 146 4.9
-81 150 5.1
-81 154 5.2
-81 158 5.2
-81 162 5.4
-81 166 5.5
-81 170 5.6
-81 174 5.7
-81 178 5.8
-83 -178 5.7
-83 -174 5.8
-83 -170 5.8
-83 -166 5.9
-83 -162 6
-83 -158 6
-83 -154 6
-83 -150 6
-83 -146 6.1
-83 -142 6.1
-83 -138 6.1
-83 -134 6.1
-83 -130 6.2
-83 -126 6.2
-83 -122 6.1
-83 -118 6.1
-83 -114 6.1
-83 -110 6.1
-83 -106 6.1
-83 -102 6
-83 -98 6
-83 -94 6
-83 -90 5.9
-83 -86 5.9
-83 -82 5.8
-83 -78 5.7
-83 -74 5.6
-83 -70 5.6
-83 -66 5.5
-83 -62 5.4
-83 -58 5.3
-83 -54 5.2
-83 -50 5.2
-83 -46 5.1
-83 -42 5
-83 -38 4.9
-83 -34 4.8
-83 -30 4.7
-83 -26 4.6
-83 -22 4.5
-83 -18 4.4
-83 -14 4.3
-83 -10 4.2
-83 -6 4.1
-83 -2 4
-83 2 3.9
-83 6 3.9
-83 10 3.8
-83 14 3.6
-83 18 3.6
-83 22 3.5
-83 26 3.5
-83 30 3.4
-83 34 3.4
-83 38 3.4
-83 42 3.3
-83 46 3.3
-83 50 3.3
-83 54 3.3
-83 58 3.3
-83 62 3.3
-83 66 3.4
-83 70 3.4
-83 74 3.4
-83 78 3.4
-83 82 3.5
-83 86 3.5
-83 90 3.6
-83 94 3.8
-83 98 3.8
-83 102 3.9
-83 106 4
-83 110 4.1
-83 114 4.1
-83 118 4.2
-83 122 4.3
-83 126 4.4
-83 130 4.5
-83 134 4.6
-83 138 4.7
-83 142 4.8
-83 146 4.9
-83 150 5
-83 154 5.1
-83 158 5.2
-83 162 5.2
-83 166 5.3
-83 170 5.4
-83 174 5.5
-83 178 5.6
-85 -178 5.4
-85 -174 5.5
-85 -170 5.5
-85 -166 5.6
-85 -162 5.6
-85 -158 5.7
-85 -154 5.7
-85 -150 5.7
-85 -146 5.8
-85 -142 5.8
-85 -138 5.8
-85 -134 5.8
-85 -130 5.8
-85 -126 5.8
-85 -122 5.8
-85 -118 5.8
-85 -114 5.8
-85 -110 5.8
-85 -106 5.8
-85 -102 5.7
-85 -98 5.7
-85 -94 5.7
-85 -90 5.6
-85 -86 5.6
-85 -82 5.5
-85 -78 5.5
-85 -74 5.4
-85 -70 5.3
-85 -66 5.3
-85 -62 5.2
-85 -58 5.2
-85 -54 5.2
-85 -50 5.1
-85 -46 5
-85 -42 5
-85 -38 4.9
-85 -34 4.8
-85 -30 4.7
-85 -26 4.7
-85 -22 4.6
-85 -18 4.5
-85 -14 4.5
-85 -10 4.4
-85 -6 4.3
-85 -2 4.3
-85 2 4.2
-85 6 4.2
-85 10 4.1
-85 14 4.1
-85 18 4
-85 22 4
-85 26 3.9
-85 30 3.9
-85 34 3.9
-85 38 3.9
-85 42 3.8
-85 46 3.8
-85 50 3.8
-85 54 3.8
-85 58 3.8
-85 62 3.8
-85 66 3.9
-85 70 3.9
-85 74 3.9
-85 78 3.9
-85 82 4
-85 86 4
-85 90 4
-85 94 4.1
-85 98 4.1
-85 102 4.2
-85 106 4.2
-85 110 4.3
-85 114 4.4
-85 118 4.4
-85 122 4.5
-85 126 4.6
-85 130 4.6
-85 134 4.7
-85 138 4.8
-85 142 4.8
-85 146 4.9
-85 150 5
-85 154 5.1
-85 158 5.1
-85 162 5.2
-85 166 5.2
-85 170 5.2
-85 174 5.3
-85 178 5.4
-87 -178 5.2
-87 -174 5.2
-87 -170 5.2
-87 -166 5.3
-87 -162 5.3
-87 -158 5.3
-87 -154 5.3
-87 -150 5.4
-87 -146 5.4
-87 -142 5.4
-87 -138 5.4
-87 -134 5.4
-87 -130 5.4
-87 -126 5.4
-87 -122 5.4
-87 -118 5.4
-87 -114 5.4
-87 -110 5.4
-87 -106 5.4
-87 -102 5.4
-87 -98 5.3
-87 -94 5.3
-87 -90 5.3
-87 -86 5.3
-87 -82 5.2
-87 -78 5.2
-87 -74 5.2
-87 -70 5.2
-87 -66 5.2
-87 -62 5.1
-87 -58 5.1
-87 -54 5.1
-87 -50 5
-87 -46 5
-87 -42 4.9
-87 -38 4.9
-87 -34 4.8
-87 -30 4.8
-87 -26 4.8
-87 -22 4.7
-87 -18 4.7
-87 -14 4.6
-87 -10 4.6
-87 -6 4.5
-87 -2 4.5
-87 2 4.5
-87 6 4.4
-87 10 4.4
-87 14 4.4
-87 18 4.4
-87 22 4.3
-87 26 4.3
-87 30 4.3
-87 34 4.3
-87 38 4.3
-87 42 4.3
-87 46 4.2
-87 50 4.2
-87 54 4.2
-87 58 4.2
-87 62 4.3
-87 66 4.3
-87 70 4.3
-87 74 4.3
-87 78 4.3
-87 82 4.3
-87 86 4.3
-87 90 4.4
-87 94 4.4
-87 98 4.4
-87 102 4.5
-87 106 4.5
-87 110 4.5
-87 114 4.6
-87 118 4.6
-87 122 4.6
-87 126 4.7
-87 130 4.7
-87 134 4.8
-87 138 4.8
-87 142 4.9
-87 146 4.9
-87 150 4.9
-87 154 5
-87 158 5
-87 162 5.1
-87 166 5.1
-87 170 5.2
-87 174 5.2
-87 178 5.2
-89 -178 5
-89 -174 5
-89 -170 5
-89 -166 5
-89 -162 5
-89 -158 5.1
-89 -154 5.1
-89 -150 5.1
-89 -146 5.1
-89 -142 5.1
-89 -138 5.1
-89 -134 5.1
-89 -130 5.1
-89 -126 5.1
-89 -122 5.1
-89 -118 5.1
-89 -114 5.1
-89 -110 5.1
-89 -106 5.1
-89 -102 5.1
-89 -98 5.1
-89 -94 5.1
-89 -90 5
-89 -86 5
-89 -82 5
-89 -78 5
-89 -74 5
-89 -70 5
-89 -66 5
-89 -62 5
-89 -58 5
-89 -54 4.9
-89 -50 4.9
-89 -46 4.9
-89 -42 4.9
-89 -38 4.9
-89 -34 4.9
-89 -30 4.9
-89 -26 4.8
-89 -22 4.8
-89 -18 4.8
-89 -14 4.8
-89 -10 4.8
-89 -6 4.8
-89 -2 4.8
-89 2 4.7
-89 6 4.7
-89 10 4.7
-89 14 4.7
-89 18 4.7
-89 22 4.7
-89 26 4.7
-89 30 4.7
-89 34 4.7
-89 38 4.7
-89 42 4.7
-89 46 4.7
-89 50 4.7
-89 54 4.7
-89 58 4.7
-89 62 4.7
-89 66 4.7
-89 70 4.7
-89 74 4.7
-89 78 4.7
-89 82 4.7
-89 86 4.7
-89 90 4.7
-89 94 4.7
-89 98 4.7
-89 102 4.7
-89 106 4.7
-89 110 4.8
-89 114 4.8
-89 118 4.8
-89 122 4.8
-89 126 4.8
-89 130 4.8
-89 134 4.8
-89 138 4.9
-89 142 4.9
-89 146 4.9
-89 150 4.9
-89 154 4.9
-89 158 4.9
-89 162 4.9
-89 166 5
-89 170 5
-89 174 5
-89 178 5
