1770043861 : 0 12.5 3.32104
1770044161 : 0 13.1 3.39098
1770044162 : 0 13.1 3.39098
1770044461 : 0 14.8 3.91896
1770044761 : 0 21.3 5.4946
1770045061 : 0 19.9 5.15181
1770045361 : 0 18.9 4.90709
1770045661 : 0 17.9 4.74098
1770045961 : 0 17.9 4.66878
1770045962 : 0 17.9 4.66878
1770046261 : 0 17.9 4.6354
1770046561 : 0 17.4 4.60704
1770046861 : 0 17.4 4.59344
1770047161 : 0 17.4 4.50326
1770047461 : 0 16.9 4.46162
1770047761 : 0 16.9 4.44027
1770048061 : 0 16.4 4.344
1770048062 : 0 16.4 4.344
1770048361 : 0 16.4 4.26248
1770048661 : 0 15.9 4.17823
1770048961 : 0 15.9 4.11232
1770049261 : 0 15.3 3.96032
1770049561 : 0 14.8 3.86156
1770049562 : 0 14.8 3.86156
1770049862 : 0 14.8 3.90835
1770050161 : 0 14.8 3.90704
1770050461 : 0 14.2 3.73935
1770050462 : 0 14.2 3.73935
1770050762 : 0 13.7 3.6349
1770051061 : 0 13.7 3.53064
1770051361 : 0 13.1 3.44759
1770051661 : 0 13.1 3.44667
1770051961 : 0 13.1 3.485
1770052261 : 0 17.9 4.72265
1770052262 : 0 17.9 4.72265
1770052561 : 0 18.4 4.81469
1770052861 : 0 18.4 4.76038
1770053161 : 0 17.4 4.58501
1770053461 : 0 16.9 4.4274
1770053462 : 0 16.9 4.4274
1770053761 : 0 16.4 4.32316
1770054061 : 0 15.9 4.16019
1770054361 : 0 15.3 4.03279
1770054362 : 0 15.3 4.03279
1770054661 : 0 15.3 3.96577
1770054961 : 0 14.8 3.91996
1770055261 : 0 14.8 3.84927
1770055262 : 0 14.8 3.84927
1770055562 : 0 14.8 3.795
1770055861 : 0 14.2 3.7831
1770056161 : 0 14.2 3.74268
1770056461 : 0 14.2 3.661
1770056761 : 0 14.2 3.68927
1770056762 : 0 14.2 3.68927
1770057061 : 0 13.7 3.61004
1770057361 : 0 15.9 4.08558
1770057661 : 0 14.2 3.6866
1770057961 : 0 13.1 3.46188
1770057962 : 0 13.1 3.46188
1770058261 : 0 13.1 3.37316
1770058561 : 0 12.5 3.32436
1770058861 : 0 12.5 3.28015
1770059161 : 0 12.5 3.27289
1770059461 : 0 12.5 3.29884
1770059462 : 0 12.5 3.29884
1770059761 : 0 12.5 3.33173
1770060061 : 0 13.7 3.53626
1770060361 : 0 13.7 3.63811
1770060661 : 0 13.7 3.6086
1770060961 : 0 13.7 3.58788
1770061261 : 0 13.7 3.5658
1770061561 : 0 13.7 3.58052
1770061861 : 0 14.2 3.77881
1770062161 : 0 16.4 4.32651
1770062461 : 0 18.4 4.86714
1770062761 : 0 19.4 5.09953
1770062762 : 0 19.4 5.09953
1770063061 : 0 19.9 5.14841
1770063361 : 0 19.9 5.13984
1770063661 : 0 19.4 5.09225
1770063961 : 0 18.9 4.94264
1770063962 : 0 18.9 4.94264
1770064261 : 0 18.4 4.82415
1770064561 : 0 17.9 4.6417
1770064861 : 0 17.4 4.53816
1770065161 : 0 16.9 4.37967
1770065162 : 0 16.9 4.37967
1770065461 : 0 16.4 4.28756
1770065761 : 0 15.9 4.19564
1770066061 : 0 16.4 4.31675
1770066361 : 0 17.9 4.65484
1770066661 : 0 19.9 5.16735
1770066961 : 0 19.9 5.23048
1770067261 : 0 18.4 4.86149
1770067561 : 0 17.9 4.65527
1770067861 : 0 16.9 4.44309
1770067862 : 0 16.9 4.44309
1770068162 : 0 16.4 4.28322
1770068461 : 0 15.9 4.1899
1770068761 : 0 15.9 4.15728
1770069061 : 0 15.3 4.01748
1770069361 : 0 14.8 3.8762
1770069661 : 0 14.8 3.87157
1770069961 : 0 14.8 3.79989
1770070261 : 0 14.8 3.81312
1770070561 : 0 14.2 3.73295
1770070562 : 0 14.2 3.73295
1770070861 : 0 13.7 3.61193
1770071161 : 0 13.7 3.5569
1770071461 : 0 13.7 3.53081
1770071462 : 0 13.7 3.53081
1770071761 : 0 13.1 3.43862
1770072061 : 0 12.5 3.32504
1770072361 : 0 12.5 3.27522
1770072362 : 0 12.5 3.27522
1770072661 : 0 12.5 3.23112
1770072961 : 0 12.5 3.22567
1770073261 : 0 11.9 3.15857
1770073561 : 0 11.9 3.16147
1770073861 : 0 11.9 3.07347
1770074161 : 0 11.9 3.11027
1770074461 : 0 13.7 3.53694
1770074462 : 0 13.7 3.53694
1770074761 : 0 13.1 3.4728
1770075061 : 0 18.4 4.79598
1770075062 : 0 18.4 4.79598
1770075361 : 0 16.9 4.45452
1770075661 : 0 15.9 4.11125
1770075961 : 0 14.8 3.90786
1770076261 : 0 13.7 3.62996
1770076561 : 0 13.7 3.54137
1770076861 : 0 13.1 3.43848
1770077161 : 0 13.1 3.35642
1770077461 : 0 13.7 3.55989
1770077761 : 0 13.1 3.39483
1770077764 : 0 13.1 3.39483
1770078061 : 0 12.5 3.32756
1770078361 : 0 12.5 3.22046
1770078661 : 0 11.9 3.13899
1770078662 : 0 11.9 3.13899
1770078961 : 0 11.9 3.08094
1770079261 : 0 11.9 3.05898
1770079262 : 0 11.9 3.05898
1770079561 : 0 12.5 3.23947
1770079861 : 0 11.9 3.17254
1770080161 : 0 13.1 3.44686
1770080461 : 0 13.1 3.35437
1770080761 : 0 13.1 3.38635
1770081061 : 0 14.2 3.69117
1770081361 : 0 13.7 3.5828
1770081661 : 0 13.7 3.50912
1770081961 : 0 13.1 3.3519
1770082261 : 0 12.5 3.20731
1770082262 : 0 12.5 3.20731
1770082561 : 0 11.9 3.14244
1770082861 : 0 13.1 3.41926
1770083161 : 0 15.9 4.19133
1770083162 : 0 15.9 4.19133
1770083462 : 0 16.4 4.34219
1770083761 : 0 16.9 4.36652
1770084061 : 0 16.4 4.26806
1770084062 : 0 16.4 4.26806
1770084362 : 0 15.9 4.14894
1770084661 : 0 15.9 4.07467
1770084961 : 0 15.3 4.01216
1770084962 : 0 15.3 4.01216
1770085261 : 0 15.3 3.98265
1770085561 : 0 14.8 3.91635
1770085562 : 0 14.8 3.91635
1770085861 : 0 14.8 3.87657
1770086161 : 0 15.3 4.04732
1770086162 : 0 15.3 4.04732
1770086461 : 0 14.8 3.84875
1770086761 : 0 14.2 3.73994
1770087061 : 0 14.2 3.66456
1770087361 : 0 13.1 3.45486
1770087362 : 0 13.1 3.45486
1770087662 : 0 13.1 3.3686
1770087962 : 0 13.1 3.35381
1770088261 : 0 12.5 3.32794
1770088561 : 0 12.5 3.20325
1770088861 : 0 11.9 3.07572
1770088862 : 0 11.9 3.07572
1770089161 : 0 11.9 3.02883
1770089461 : 0 11.3 2.91932
1770089761 : 0 11.3 2.8741
1770090061 : 0 10.7 2.83041
1770090062 : 0 10.7 2.83041
1770090361 : 0 10.7 2.77391
1770090661 : 0 10.7 2.81868
1770090662 : 0 10.7 2.81868
1770090961 : 0 10.7 2.78369
1770091261 : 0 10.7 2.76205
1770091561 : 0 10.7 2.70409
1770091861 : 0 10.7 2.70027
1770092161 : 0 9.7 2.54128
1770092461 : 0 9.9 2.59936
1770092761 : 0 17.4 4.50541
1770093061 : 0 16.9 4.37035
1770093361 : 0 15.9 4.13373
1770093661 : 0 14.8 3.82169
1770093662 : 0 14.8 3.82169
1770093961 : 0 13.7 3.55862
1770094261 : 0 12.5 3.24075
1770094561 : 0 11.9 3.07138
1770094861 : 0 11.3 2.88828
1770095161 : 0 10.7 2.80086
1770095461 : 0 10 2.67677
1770095462 : 0 10 2.67677
1770095761 : 0 10 2.63088
1770096061 : 0 10 2.66572
1770096361 : 0 9.9 2.60038
1770096661 : 0 9.9 2.59694
1770096961 : 0 10 2.65935
1770097261 : 0 10.7 2.83101
1770097561 : 0 10 2.69152
1770097861 : 0 10.7 2.69395
1770098161 : 0 14.2 3.67153
1770098461 : 0 18.9 4.93062
1770098761 : 0 17.4 4.48789
1770099061 : 0 15.3 3.99404
1770099361 : 0 13.7 3.58674
1770099661 : 0 12.5 3.27895
1770099961 : 0 11.9 3.18109
1770100261 : 0 11.9 3.13175
1770100561 : 0 11.9 3.15884
1770100861 : 0 11.9 3.13314
1770101161 : 0 11.9 3.07622
1770101461 : 0 12.5 3.20412
1770101761 : 0 13.1 3.48348
1770102061 : 0 13.7 3.596
1770102361 : 0 23.5 6.15548
1770102661 : 0 22.2 5.82485
1770102961 : 0 22.2 5.76563
1770103261 : 0 21.3 5.50958
1770103561 : 0 20.8 5.3661
1770103861 : 0 19.4 5.08984
1770104161 : 0 18.9 4.92362
1770104461 : 0 18.4 4.76902
1770104761 : 0 18.4 4.74133
1770105061 : 0 19.9 5.22007
1770105361 : 0 20.3 5.28467
1770105661 : 0 17.9 4.67732
1770105662 : 0 17.9 4.67732
1770105961 : 0 16.4 4.22257
1770106261 : 0 15.3 4.00423
1770106561 : 0 14.8 3.79335
1770106562 : 0 14.8 3.79335
1770106861 : 0 14.2 3.64422
1770107161 : 0 13.1 3.48548
1770107162 : 0 13.1 3.48548
1770107462 : 0 13.1 3.43663
1770107761 : 0 13.7 3.51642
1770108061 : 0 13.7 3.51742
1770108361 : 0 13.1 3.47416
1770108661 : 0 13.1 3.43623
1770108961 : 0 13.1 3.4009
1770109261 : 0 13.1 3.38563
1770109561 : 0 13.1 3.42458
1770109861 : 0 13.1 3.46156
1770110161 : 0 13.1 3.44681
1770110461 : 0 13.1 3.46222
1770110761 : 0 12.5 3.2882
1770111061 : 0 11.9 3.13412
1770111361 : 0 11.3 3.01753
1770111661 : 0 11.3 2.95298
1770111961 : 0 11.3 2.8754
1770111962 : 0 11.3 2.8754
1770112261 : 0 12.5 3.1918
1770112561 : 0 12.5 3.33798
1770112562 : 0 12.5 3.33798
1770112861 : 0 15.3 4.0447
1770113161 : 0 18.9 4.95826
1770113461 : 0 20.3 5.31638
1770113761 : 0 20.8 5.37196
1770114061 : 0 20.3 5.29154
1770114361 : 0 18.9 4.98691
1770114661 : 0 18.4 4.7657
1770114961 : 0 17.4 4.55483
1770115261 : 0 16.9 4.34733
1770115262 : 0 16.9 4.34733
1770115561 : 0 16.4 4.26373
1770115861 : 0 15.9 4.07998
1770116161 : 0 15.3 3.97678
1770116461 : 0 15.3 3.93368
1770116761 : 0 15.9 4.14252
1770117061 : 0 15.9 4.18875
1770117361 : 0 15.3 4.0196
1770117661 : 0 15.9 4.12991
1770117662 : 0 15.9 4.12991
1770117961 : 0 16.4 4.28714
1770118261 : 0 15.9 4.10311
1770118263 : 0 15.9 4.10311
1770118561 : 0 15.3 3.96674
1770118861 : 0 14.8 3.88848
1770119161 : 0 14.2 3.72952
1770119461 : 0 13.7 3.55004
1770119761 : 0 13.1 3.39925
1770119762 : 0 13.1 3.39925
1770120061 : 0 12.5 3.2488
1770120361 : 0 11.9 3.10406
1770120661 : 0 11.3 2.93796
1770120961 : 0 10.7 2.78994
1770121261 : 0 10 2.67686
1770121561 : 0 9.8 2.5646
1770121861 : 0 10 2.61952
1770122161 : 0 9.6 2.50363
1770122461 : 0 9.2 2.39926
1770122462 : 0 9.2 2.39926
1770122761 : 0 9.3 2.41496
1770123061 : 0 10 2.68522
1770123361 : 0 10.7 2.79731
1770123661 : 0 9.9 2.58344
1770123961 : 0 9.1 2.37858
1770123962 : 0 9.1 2.37858
1770124262 : 0 8.8 2.29328
1770124561 : 0 8.4 2.18754
1770124861 : 0 8.3 2.18042
1770124862 : 0 8.3 2.18042
1770125161 : 0 8 2.10364
1770125461 : 0 8.1 2.12125
1770125761 : 0 8.3 2.1477
1770125762 : 0 8.3 2.1477
1770126061 : 0 8.9 2.31498
1770126361 : 0 8.3 2.17174
1770126661 : 0 8.5 2.20652
1770126961 : 0 8.2 2.12988
1770127261 : 0 8.8 2.29522
1770127561 : 0 9.5 2.48251
1770127861 : 0 18.4 4.85014
1770128161 : 0 26 6.82398
1770128461 : 0 24.4 6.36253
1770128761 : 0 21.3 5.6001
1770129061 : 0 20.3 5.31201
1770129361 : 0 19.4 5.09926
1770129661 : 0 18.9 4.96321
1770129961 : 0 19.4 5.01264
1770130261 : 0 19.4 5.02301
1770130561 : 0 21.3 5.4998
1770130861 : 0 23.1 5.98899
1770131161 : 0 22.2 5.73201
1770131162 : 0 22.2 5.73201
1770131461 : 0 19.9 5.21886
1770131761 : 0 18.4 4.82251
1770132061 : 0 17.9 4.62498
1770132361 : 0 17.4 4.52754
1770132661 : 0 17.4 4.55352
1770132662 : 0 17.4 4.55352
1770132961 : 0 16.9 4.4066
1770133261 : 0 16.9 4.35109
1770133262 : 0 16.9 4.35109
1770133561 : 0 16.9 4.46632
1770133861 : 0 16.9 4.37604
1770134161 : 0 16.4 4.28326
1770134162 : 0 16.4 4.28326
1770134461 : 0 17.4 4.4944
1770134761 : 0 16.9 4.44859
1770135061 : 0 16.9 4.36557
1770135361 : 0 17.4 4.48362
1770135661 : 0 16.9 4.40351
1770135961 : 0 16.4 4.25184
1770136261 : 0 16.4 4.27388
1770136561 : 0 16.9 4.44891
1770136861 : 0 18.4 4.75486
1770136862 : 0 18.4 4.75486
1770137161 : 0 16.9 4.41154
1770137461 : 0 16.4 4.26659
1770137761 : 0 16.4 4.24204
1770138061 : 0 16.4 4.30135
1770138361 : 0 16.4 4.32081
1770138661 : 0 16.4 4.3217
1770138961 : 0 16.4 4.29753
1770139261 : 0 15.9 4.19732
1770139561 : 0 15.9 4.13862
1770139861 : 0 15.3 3.99043
1770140161 : 0 15.9 4.10325
1770140461 : 0 15.9 4.08106
1770140761 : 0 14.8 3.92017
1770140762 : 0 14.8 3.92017
1770141061 : 0 14.8 3.89881
1770141361 : 0 14.8 3.85685
1770141661 : 0 14.8 3.89653
1770141961 : 0 17.9 4.73358
1770142261 : 0 18.9 4.9417
1770142262 : 0 18.9 4.9417
1770142561 : 0 18.9 4.90348
1770142861 : 0 18.4 4.79916
1770143161 : 0 17.4 4.50772
1770143461 : 0 16.4 4.29722
1770143761 : 0 15.3 3.97443
1770143762 : 0 15.3 3.97443
1770144061 : 0 14.2 3.7743
1770144361 : 0 13.7 3.5706
1770144362 : 0 13.7 3.5706
1770144661 : 0 13.7 3.50268
1770144961 : 0 12.5 3.27995
1770144962 : 0 12.5 3.27995
1770145261 : 0 12.5 3.19914
1770145561 : 0 11.9 3.12651
1770145861 : 0 11.9 3.04436
1770146161 : 0 11.3 3.00653
1770146461 : 0 11.9 3.0529
1770146761 : 0 11.9 3.05826
1770147061 : 0 11.9 3.11457
1770147361 : 0 13.7 3.61175
1770147362 : 0 13.7 3.61175
1770147661 : 0 13.1 3.38317
1770147961 : 0 13.1 3.36337
1770148261 : 0 13.1 3.34674
1770148262 : 0 13.1 3.34674
1770148561 : 0 12.5 3.27347
1770148861 : 0 12.5 3.26256
1770148862 : 0 12.5 3.26256
1770149161 : 0 13.1 3.39957
1770149461 : 0 13.1 3.35832
1770149761 : 0 12.5 3.34032
1770150061 : 0 12.5 3.31951
1770150361 : 0 12.5 3.20202
1770150661 : 0 11.9 3.15257
1770150961 : 0 11.9 3.12719
1770151261 : 0 11.9 3.12719
1770151561 : 0 11.9 3.12719
1770151861 : 0 11.9 3.12719
