1770061860 4.3 294.3
1770061920 3.97 294.5
1770061980 3.53 295.6
1770062040 4.53 296.2
1770062100 6.99 308
1770062160 5.75 299.9
1770062220 4.53 293.8
1770062280 4.87 295.3
1770062340 4.85 297.6
1770062400 4.54 299
1770062460 5.98 304.4
1770062520 7.76 314.8
1770062580 4.37 296.3
1770062640 4.28 303.8
1770062700 4.3 306.3
1770062760 4.99 308.3
1770062820 9.52 323.9
1770062880 5.16 303.2
1770062940 5.46 309.7
1770063000 4.8 310.2
1770063060 5.37 305.2
1770063120 5.38 299
1770063180 5.12 295.6
1770063240 4.93 295.7
1770063300 4.79 296.6
1770063360 17.83 313.8
1770063420 13.46 306.3
1770063480 3.71 289.9
1770063540 5.02 294.3
1770063600 4.21 297.2
1770063660 5.56 296.1
1770063720 4.35 293.6
1770063780 5.1 293.9
1770063840 4.22 293.3
1770063900 4.05 289.6
1770063960 3.97 289.7
1770064020 4.38 295.2
1770064080 5.05 301.7
1770064140 5.37 299.7
1770064200 5.16 295.8
1770064260 4.98 295.2
1770064320 4.92 295.1
1770064380 4.84 294.5
1770064440 4.86 296.6
1770064500 3.47 309.3
1770064560 2.22 302.7
1770064620 7.22 321.6
1770064680 4.49 310.6
1770064740 4.91 314
1770064800 5.22 314.2
1770064860 4.65 314.8
1770064920 5.23 311.8
1770064980 4.92 313.6
1770065040 4.71 313.4
1770065100 4.51 313.3
1770065160 4.32 314.1
1770065220 5.01 314.7
1770065280 5.96 315.2
1770065340 3.64 322.5
1770065400 3.5 321.7
1770065460 3.33 317.5
1770065520 4.74 309.8
1770065580 5.41 311.5
1770065640 4.57 312.2
1770065700 4.86 311.2
1770065760 3.62 307
1770065820 9.11 321.7
1770065880 5.62 315.8
1770065940 4.41 312.8
1770066000 4.69 312.4
1770066060 4.55 313.1
1770066120 4.51 314.3
1770066180 5.42 316.2
1770066240 5.91 316
1770066300 5.01 313.1
1770066360 4.9 313.6
1770066420 4.74 316.2
1770066480 4.77 316.3
1770066540 3.29 314.1
1770066600 4.34 326.4
1770066660 4.61 313.6
1770066720 4.79 312.9
1770066780 5.07 313.5
1770066840 4.89 312
1770066900 5.74 317.3
1770066960 5.34 316.2
1770067020 4.38 313.5
1770067080 4.5 311.4
1770067140 5.15 310.4
1770067200 5.44 311.3
1770067260 5.58 311.3
1770067320 4.41 311
1770067380 4.46 310.7
1770067440 4.74 309.2
1770067500 4.66 309.7
1770067560 4.42 310.7
1770067620 4.19 310
1770067680 4.67 310.1
1770067740 4.58 310.5
1770067800 4.71 311.2
1770067860 5.02 310.5
1770067920 4.11 307.7
1770067980 6.28 316.9
1770068040 6.08 315.2
1770068100 3.77 303.8
1770068160 4.98 307.7
1770068220 6.21 315
1770068280 4.05 306.3
1770068340 3.88 302.8
1770068400 4.59 302.3
1770068460 3.98 301
1770068520 4.15 300.8
1770068580 4.34 302.6
1770068640 3.74 302.9
1770068700 3.87 303.4
1770068760 3.96 301.5
1770068820 5.71 311.9
1770068880 4.9 305.7
1770068940 4.25 301.8
1770069000 4.4 303.1
1770069060 4.26 303.4
1770069120 4.02 305.5
1770069180 3.81 306
1770069240 3.73 303.1
1770069300 1.63 320.8
1770069360 1.65 319.8
1770069420 1.85 310.4
1770069480 3.58 301.5
1770069600 4.03 300.4
1770069660 3.39 297.7
1770069720 2.6 305.8
1770069780 3.54 304.5
1770069840 5.93 313.5
1770069900 5.18 311
1770069960 3.85 303.6
1770070020 4.78 309.5
1770070080 5.19 313.4
1770070140 4.06 304.7
1770070200 4.15 304.8
1770070260 4.66 307.9
1770070320 7.37 317.8
1770070380 3.55 302.7
1770070440 4.31 306.3
1770070500 3.8 303.7
1770070560 3.49 305.3
1770070620 5.47 313.3
1770070680 4.07 307.3
1770070740 3.71 305.8
1770070800 3.61 305.1
1770070860 3.96 304.9
1770070920 5.23 309
1770070980 4.54 303
1770071040 2.49 293.3
1770071100 2.81 297.7
1770071160 3.15 293.8
1770071220 2.61 291.8
1770071280 3.76 296
1770071340 3.76 296.1
1770071400 3.73 298.6
1770071460 3.62 299.2
1770071580 3.43 292.8
1770071640 3.44 297.8
1770071700 3.7 299.4
1770071760 3.83 300.3
1770071820 3.82 300.1
1770071880 3.77 299.5
1770071940 3.57 299.4
1770072000 3.37 300.1
1770072060 3.54 301.8
1770072120 3.85 302.4
1770072180 3.77 300.3
1770072240 3.79 298.8
1770072300 3.7 299.4
1770072360 4.05 299.5
1770072420 3.15 301.3
1770072480 3.64 298.8
1770072540 3.14 301.3
1770072600 4.08 298.4
1770072660 3.42 300.2
1770072720 2.96 300.4
1770072780 3.37 301
1770072840 4.02 301.9
1770072900 4.06 301.4
1770072960 3.65 301.4
1770073020 3.61 301.2
1770073080 3.65 297.9
1770073140 3.56 296.5
1770073200 3.29 299.7
1770073320 4.08 303.5
1770073380 3.71 300.6
1770073440 4.17 303.4
1770073500 3.26 300.9
1770073560 3.35 302
1770073620 3.7 302.3
1770073680 3.92 301.5
1770073740 3.74 301.5
1770073800 3.7 302.4
1770073860 3.96 306
1770073920 3.96 306.6
1770073980 3.69 301
1770074040 3.64 301.5
1770074100 3.57 300.5
1770074160 3.84 302.8
1770074220 4.41 304.8
1770074280 3.55 301.8
1770074340 3.55 301.4
1770074400 3.6 304.5
1770074460 3.62 303.5
1770074520 3.29 301.6
1770074580 3.58 301.9
1770074640 3.59 301.7
1770074700 3.54 301.4
1770074760 3.48 301.6
1770074820 3.79 302.5
1770074880 4.03 302.9
1770074940 3.57 301.7
1770075000 3.69 301.5
1770075060 3.74 303.1
1770075120 3.44 301.6
1770075180 3.31 301.2
1770075300 3.31 300.1
1770075360 3.38 297.7
1770075420 3.92 298
1770075480 3.57 296.6
1770075540 3.61 296.2
1770075600 3.59 296.2
1770075660 3.37 297.2
1770075720 3.37 296.7
1770075780 3.5 296.7
1770075840 3.51 297.7
1770075900 3.28 297.8
1770075960 2.84 300.8
1770076020 3.46 298.9
1770076080 3.38 298
1770076140 3.07 297.3
1770076200 3.22 295.6
1770076260 3.74 295
1770076320 3.47 296.5
1770076380 3.5 297.7
1770076440 3.19 296.2
1770076500 3.47 296.3
1770076560 3.56 297.2
1770076620 3.7 296.8
1770076680 3.69 294
1770076740 3.74 292.2
1770076800 3.64 293.3
1770076860 3.2 293.7
1770076920 3.49 293.2
1770076980 3.16 293.2
1770077040 3.18 291.8
1770077100 3.26 295
1770077160 3.29 296.4
1770077280 3.38 297
1770077340 3.19 297.5
1770077400 3.27 295.1
1770077460 3.31 295.4
1770077520 3.16 295.7
1770077580 2.87 294.7
1770077640 2.78 294.4
1770077700 3 295.1
1770077760 3.17 295.2
1770077820 3.03 294.4
1770077880 2.88 294.5
1770077940 3.02 295.4
1770078000 3.14 295.5
1770078060 2.95 297
1770078120 2.8 296.6
1770078180 2.95 293.3
1770078240 3.42 296.5
1770078300 2.94 297.1
1770078360 3.05 298.5
1770078420 3.08 299.3
1770078480 2.99 300.9
1770078540 2.64 302.7
1770078600 2.84 302.2
1770078660 3.15 299.4
1770078720 2.88 297
1770078780 2.8 296
1770078840 3.15 296.2
1770078900 3.3 298.3
1770078960 2.78 299.1
1770079020 2.84 296.5
1770079080 3.19 297.1
1770079140 3.38 296.2
1770079200 3.39 296.2
1770079260 3 298.4
1770079320 2.87 295.2
1770079380 3.09 293.9
1770079440 3.03 296
1770079500 3.21 295.9
1770079560 3.3 295.7
1770079620 3.12 295.3
1770079680 3.1 293.6
1770079740 3.34 293.7
1770079800 3.48 294.7
1770079860 2.94 294
1770079920 3.26 299.9
1770079980 2.89 297.1
1770080040 3.37 296.1
1770080100 3.03 295.6
1770080160 2.54 293
1770080220 3.18 294.1
1770080280 3.25 294.7
1770080340 3.13 294.2
1770080400 3.1 293
1770080460 2.94 293.2
1770080520 2.8 293.7
1770080580 2.78 292.9
1770080640 2.88 293
1770080700 3.07 294.6
1770080760 2.97 294.3
1770080820 2.77 293.8
1770080880 2.63 292.8
1770080940 3.2 294.5
1770081000 2.93 293.3
1770081060 3.16 291
1770081120 3.4 293.3
1770081180 3.43 293.5
1770081240 3.04 298.6
1770081300 3.29 296.9
1770081360 3.28 294.7
1770081420 3.1 295.9
1770081480 3.16 297.7
1770081540 2.97 296.1
1770081600 2.7 293.6
1770081660 3.08 294.7
1770081720 3.3 295.8
1770081780 3.29 293.4
1770081840 3.23 293.2
1770081900 3.1 295
1770081960 3.13 296.8
1770082020 2.9 296.1
1770082080 3.12 298.8
1770082140 3.27 297.5
1770082200 2.99 295.1
1770082260 2.9 292.9
1770082320 3.14 294.5
1770082380 3.45 296
1770082440 3.37 294.7
1770082500 3.06 293.7
1770082560 2.87 293.3
1770082620 2.88 291.3
1770082680 3.04 290.6
1770082740 2.92 293.2
1770082800 3.54 294.4
1770082860 2.93 293.8
1770082920 3.36 295
1770082980 2.99 295.2
1770083040 2.56 293.3
1770083100 2.87 292.4
1770083160 2.94 292.3
1770083220 3.06 291.9
1770083280 2.85 292.6
1770083340 2.86 292.9
1770083400 2.83 292.2
1770083460 2.91 292.1
1770083520 3.1 291.6
1770083580 3.04 290.5
1770083640 3.05 292
1770083700 2.88 293.2
1770083760 3.38 291.6
1770083820 3.13 292.5
1770083880 3.17 291.4
1770083940 2.94 291.2
1770084000 2.91 294.2
1770084060 2.72 291.6
1770084120 2.75 291
1770084180 2.73 290.8
1770084240 2.8 288.5
1770084300 2.64 288.7
1770084360 2.59 289.4
1770084420 2.75 290.6
1770084480 2.8 291.1
1770084540 2.74 289
1770084600 2.73 289.5
1770084660 2.93 287
1770084720 2.86 285.6
1770084780 2.96 290.2
1770084840 2.02 286.6
1770084900 3.01 289.4
1770084960 2.71 287.2
1770085020 2.78 290.5
1770085080 2.94 289.2
1770085140 2.99 288.5
1770085200 2.69 289.6
1770085260 2.32 290.5
1770085320 2.42 290.8
1770085380 2.94 288.8
1770085440 3.06 287
1770085500 2.81 287.2
1770085560 2.56 286.8
1770085620 2.85 285.8
1770085680 2.91 287.2
1770085740 2.78 286.9
1770085800 2.94 288.6
1770085860 2.69 286.3
1770085920 2.77 289.9
1770085980 3.17 290
1770086040 3.17 288.9
1770086100 2.81 288.4
1770086160 2.89 290.5
1770086220 3.07 290.6
1770086280 3.06 289.7
1770086340 2.98 288.4
1770086400 2.8 287.6
1770086460 2.58 288.4
1770086520 2.64 287.1
1770086580 2.84 288
1770086640 2.88 288.1
1770086700 2.66 284.7
1770086760 2.99 288
1770086820 3.32 287.5
1770086880 2.99 286.5
1770086940 2.75 288.7
1770087000 3.25 287.5
1770087060 3.11 286.8
1770087120 2.98 286.7
1770087180 2.61 286.7
1770087240 2.94 286.2
1770087300 3.23 285.4
1770087360 3.12 285.8
1770087420 3.09 286.9
1770087480 3.2 286.6
1770087540 3.22 285.8
1770087600 2.69 285
1770087660 2.32 285.2
1770087720 2.57 285.5
1770087780 2.74 281.1
1770087840 2.81 282.7
1770087900 2.54 282.6
1770087960 2.42 284.4
1770088020 2.55 285.4
1770088080 2.51 285.4
1770088140 2.64 286.4
1770088200 2.69 286.6
1770088260 2.72 284.9
1770088320 2.75 284.4
1770088380 2.51 284.5
1770088440 2.56 282.3
1770088500 2.61 284.4
1770088560 2.73 284.9
1770088620 2.68 283.9
1770088680 2.55 281.1
1770088740 2.3 282.8
1770088800 2.36 282.7
1770088860 2.49 282.3
1770088920 2.73 283.1
1770088980 2.81 285.4
1770089040 2.23 282.7
1770089100 1.9 280.6
1770089160 2.51 286.6
1770089220 2.53 285.9
1770089280 2.38 284.1
1770089340 2.15 282.6
1770089400 2.37 281.8
1770089460 2.43 280.9
1770089520 2.14 281.6
1770089580 2.42 278.9
1770089640 2.53 281.8
1770089700 2.3 281.4
1770089760 2.46 284.4
1770089820 2.25 282
1770089880 2.24 284.5
1770089940 2.3 283.3
1770090000 2.68 283.8
1770090060 2.58 283.2
1770090120 2.36 283.7
1770090180 2.27 283.9
1770090240 2.29 283.4
1770090300 2.58 284.4
1770090360 2.69 281.9
1770090420 2.9 283.7
1770090480 2.7 285.5
1770090540 3.11 290.3
1770090600 2.94 292.4
1770090660 2.54 284.7
1770090720 2.63 281.2
1770090780 2.79 283.5
1770090840 2.7 283.2
1770090900 2.67 284.9
1770090960 2.56 282.3
1770091020 2.7 283.1
1770091200 2.7 283.8
1770091260 2.71 283.6
1770091320 2.64 283.4
1770091380 2.48 283.5
1770091440 2.85 281.4
1770091500 2.9 284
1770091560 2.54 278.9
1770091620 2.6 284.6
1770091680 2.69 279.2
1770091740 2.9 286.7
1770091800 2.52 281.9
1770091860 2.66 282.7
1770091920 2.67 281.7
1770091980 2.42 280.7
1770092040 2.59 282.1
1770092100 2.76 283.1
1770092160 2.72 281.7
1770092220 3.02 280.6
1770092280 2.91 281.9
1770092340 2.42 280.5
1770092400 3.07 282.1
1770092460 3.15 282.3
1770092520 3.03 284
1770092580 2.68 282.8
1770092640 2.82 284.5
1770092700 2.8 280.7
1770092760 2.72 282.9
1770092820 2.66 279.1
1770092880 2.72 281.2
1770092940 2.73 282.6
1770093000 2.55 283
1770093060 2.41 284.3
1770093120 2.7 284.9
1770093180 2.7 285.4
1770093240 2.66 285.9
1770093300 2.61 284.2
1770093360 2.88 284.5
1770093420 2.66 284.5
1770093480 2.86 285.5
1770093540 3.03 284.8
1770093600 3.06 285.9
1770093660 2.86 285.5
1770093720 2.76 283.3
1770093780 2.85 283.8
1770093840 2.71 284.2
1770093900 2.94 284.5
1770093960 3.07 286
1770094020 2.87 286
1770094080 2.74 285.2
1770094140 2.77 286.2
1770094200 3.11 286.4
1770094260 3.31 287.6
1770094320 3.02 288.9
1770094380 2.97 287
1770094440 2.81 284.2
1770094500 3.02 282.9
1770094560 3.09 281.3
1770094620 3.27 282
1770094680 2.91 283.7
1770094740 2.81 284.7
1770094800 2.95 283.2
1770094860 3.04 281.7
1770094920 2.9 281.5
1770094980 2.71 282
1770095040 2.65 282.4
1770095100 2.4 283.8
1770095160 2.43 283.6
1770095220 2.63 282.6
1770095280 3.15 282.1
1770095340 2.64 285.3
1770095400 3 278.5
1770095460 2.94 285.2
1770095520 2.71 281.9
1770095580 3 284.1
1770095640 2.93 284.2
1770095700 3.17 283.3
1770095760 3.11 283.3
1770095820 3.17 283.9
1770095880 3.14 283
1770095940 2.87 282.9
1770096000 2.75 282.5
1770096060 2.85 281.2
1770096120 3.03 285.5
1770096180 2.98 285.7
1770096240 2.55 284.8
1770096300 3.18 283.4
1770096360 3.17 287.7
1770096420 3.19 286.4
1770096480 3.48 285.8
1770096540 3.17 286.6
1770096600 3.41 286.8
1770096660 3.4 283.7
1770096720 3.48 285.1
1770096780 3.06 284.2
1770096840 2.58 283.9
1770096900 2.92 286.1
1770096960 3.41 287
1770097020 3.27 287.7
1770097080 3.66 287.7
1770097140 3.56 287.3
1770097200 3.05 285.2
1770097260 2.94 285.1
1770097320 3.03 284.9
1770097380 2.76 280.1
1770097440 2.95 283
1770097500 3.03 281.3
1770097560 2.95 281.4
1770097620 3.15 281.8
1770097680 2.89 282.9
1770097740 2.95 282.5
1770097800 3.27 283.5
1770097860 3 283.1
1770097920 2.65 281.6
1770097980 2.86 283.4
1770098040 2.97 282.8
1770098100 3.33 284.1
1770098160 2.99 281.4
1770098220 3.08 286.4
1770098280 3.48 282.6
1770098340 3.06 285.4
1770098400 2.66 283.7
1770098460 2.99 284.2
1770098520 3 283.1
1770098580 3.28 283.8
1770098640 3.05 282.1
1770098700 2.97 282.5
1770098760 2.96 282.2
1770098820 3.16 282.5
1770098880 3.48 283.7
1770098940 3.33 282.4
1770099000 3.23 284.4
1770099060 2.87 284.7
1770099120 2.93 284.5
1770099180 3.47 283.2
1770099240 3.13 281.9
1770099300 3.35 284
1770099360 3.33 282.3
1770099420 3.49 283.5
1770099480 3.35 282.4
1770099540 3.16 282.9
1770099600 2.93 281
1770099660 3.24 282.4
1770099720 3.38 282.8
1770099780 3.05 282.5
1770099840 2.93 283.4
1770099900 3.06 282.3
1770099960 3.15 283.1
1770100020 3.4 283
1770100080 3.16 287.6
1770100140 2.96 283.1
1770100200 3.21 283.5
1770100260 2.91 283.2
1770100320 2.96 284.4
1770100380 3.08 283.4
1770100440 3.33 284.8
1770100500 3.33 286.3
1770100560 3.36 285.5
1770100620 3.25 283.5
1770100680 3.2 283.2
1770100740 3.26 282.9
1770100800 3.28 282.4
1770100860 3.25 283.4
1770100920 3.13 281.7
1770100980 3.13 281.8
1770101040 3.51 285.2
1770101100 3.5 285.1
1770101160 3.25 284.4
1770101220 3.08 283.3
1770101280 3.46 285.2
1770101340 3.18 283.5
1770101400 3.6 285.1
1770101460 3.29 283.4
1770101520 3.38 285.3
1770101580 3.21 285.7
1770101640 3.09 285
1770101700 3.58 285
1770101760 3.79 285.5
1770101820 3.42 287.6
1770101880 3.43 287.6
1770101940 3.18 287.2
1770102000 3.39 286.2
1770102060 3.61 288.4
1770102120 3.37 285.7
1770102180 3.07 284.7
1770102240 3.05 282.7
1770102300 3.05 282.5
1770105120 4.2 293.7
1770105180 3.72 290.7
1770105240 4.03 289.6
1770105300 4.48 289.6
1770105360 4.44 292.2
1770105420 4.35 292.4
1770105480 4.19 292.3
1770105540 4.03 293.1
1770105600 4.72 295.5
1770105660 4.57 294.2
1770105720 4.33 291.7
1770105780 4.6 292.8
1770105840 4.2 291.9
1770105900 3.7 291.9
1770105960 5.14 290
1770106020 4.04 293.6
1770106080 4.56 294.4
1770106140 4.66 295.4
1770106200 4.22 295
1770106260 4.24 293.2
1770106320 4.42 292.8
1770106380 4.49 292.5
1770106440 4.48 291.2
1770106500 4.15 290.9
1770106560 3.62 290.2
1770106620 3.42 288.2
1770106680 3.64 291.2
1770106740 4.4 295.5
1770106800 3.85 292.3
1770106860 4.42 293.9
1770106920 3.92 291.1
1770107040 3.66 289.9
1770107100 4.14 291.6
1770107160 4.57 292.6
1770107220 4.57 295.3
1770107280 4.49 295
1770107340 4.46 294
1770107400 4.68 293.7
1770107460 4.91 293.3
1770107520 4.9 293.3
1770107580 4.81 293.2
1770107640 4.52 291
1770107700 4.08 291.8
1770107760 3.9 293
1770107820 4.36 293.8
1770107880 4.78 293.8
1770107940 4.67 292.2
1770108000 4.37 291.1
1770108060 4.61 292.2
1770108120 4.6 293.6
1770108180 4.58 292.7
1770108240 4.17 291.3
1770108300 4.37 291.1
1770108360 4.63 291
1770108420 4.58 292
1770108480 4.29 292.8
1770108540 3.64 292.1
1770108600 3.5 293.7
1770108660 3.78 292.5
1770108720 3.42 293.1
1770108780 3.57 292
1770108840 3.93 290.1
1770108900 3.99 292.9
1770108960 3.99 293
1770109020 4.12 291.8
1770109080 3.89 290.6
1770109140 3.97 292.1
1770109200 3.89 292.2
1770109260 3.97 293.2
1770109320 3.7 294
1770109380 3.74 294.2
1770109440 4.53 294.3
1770109500 4.73 293
1770109560 4.31 292.5
1770109620 4.26 292.3
1770109680 4.31 292.4
1770109740 3.19 290.9
1770109800 3.62 293.3
1770109860 4.28 291.5
1770109920 4.58 292.3
1770109980 4.59 291.6
1770110040 4.29 294.6
1770110100 3.84 292.7
1770110160 3.97 291.2
1770110220 3.88 290.8
1770110280 3.69 290.4
1770110340 3.64 290
1770110400 3.81 290.1
1770110460 4.13 290.7
1770110520 3.95 290
1770110580 3.85 288.3
1770110640 3.77 290.2
1770110700 4.38 289.7
1770110760 4.04 290.7
1770110820 3.48 287.5
1770110880 3.37 288.4
1770110940 3.37 288.6
1770111000 3.96 287.2
1770111060 3.94 288.5
1770111120 3.97 287.3
1770111180 3.36 286.2
1770111240 3.15 286.1
1770111300 3.45 287.1
1770111360 3.47 288.2
1770111420 3.48 287.6
1770111480 3.57 287.2
1770111540 3.83 288.4
1770111600 3.93 288.4
1770111660 4.5 288.7
1770111720 3.22 286
1770111780 3.63 285.9
1770111840 3.56 290.5
1770111900 3.63 289.6
1770111960 3.25 288.6
1770112020 3.86 289.8
1770112080 3.81 288.4
1770112140 3.55 285.9
1770112200 3.22 287
1770112260 3.38 288.3
1770112320 3.93 287.5
1770112380 3.66 287.5
1770112440 3.31 286.7
1770112500 3.54 288.5
1770112560 3.71 286.1
1770112620 3.88 289.5
1770112680 3.66 289.9
1770112800 3.99 288.8
1770112860 3.81 290.6
1770112920 3.77 290.9
1770112980 3.92 290.5
1770113040 4.07 291
1770113100 4.34 292.1
1770113160 4.06 291.9
1770113220 3.81 289.5
1770113280 4.04 288.4
1770113340 3.92 289.3
1770113400 3.85 288.8
1770113460 4.29 291
1770113520 3.98 288
1770113580 4.11 291
1770113640 4.21 289.7
1770113700 4.75 291.8
1770113760 4.25 292.1
1770113820 3.72 292.1
1770113880 4.35 292.1
1770113940 4.08 291.4
1770114000 4.23 292.6
1770114060 3.97 291.5
1770114120 4.27 291.6
1770114180 4.65 293.3
1770114240 4.35 293.1
1770114300 4.1 291.4
1770114360 3.46 289.2
1770114420 3.98 291
1770114480 3.78 293.5
1770114540 4.01 293.1
1770114600 4.63 292.9
1770114660 4.38 292.3
1770114720 3.94 293
1770114780 3.5 293.9
1770114840 4.16 293.3
1770114900 4.38 293.1
1770114960 4.05 293.8
1770115020 3.65 293
1770115080 3.57 291
1770115140 3.68 289.8
1770115200 3.5 290
1770115260 3.55 290
1770115320 3.77 290.8
1770115380 3.8 290.5
1770115440 3.78 289.8
1770115500 3.56 291.2
1770115560 4.17 291.7
1770115620 4.22 294.1
1770115680 2.75 289
1770115740 4.67 295.4
1770115800 3.55 291
1770115860 3.61 288.9
1770115920 3.3 287.8
1770115980 3.16 287.7
1770116040 3.51 288.5
1770116100 3.62 289.6
1770116160 3.58 290
1770116220 3.71 289.4
1770116280 3.68 289.9
1770116340 3.88 290.6
1770116400 4.32 291.3
1770116520 3.96 293.6
1770116580 3.5 293
1770116640 3.48 293
1770116700 3.19 292.2
1770116760 3.54 291
1770116940 4.63 295.6
1770117000 4.69 295.3
1770117060 4.28 294.6
1770117120 4.18 294.6
1770117180 4.86 295.8
1770117240 4.42 295.9
1770117300 4.53 293.4
1770117360 3.86 292.3
1770117420 4.11 293.1
1770117480 3.9 293.6
1770117540 4.26 293.9
1770117600 3.49 294.1
1770117660 3.54 295.3
1770117720 4.06 294.6
1770117780 3.96 293.1
1770117840 4.22 297.6
1770117900 3.83 302.5
1770117960 3.28 302.6
1770118020 3.35 300.3
1770118080 3.62 298.3
1770118140 3.76 296.8
1770118200 3.71 297.1
1770118260 3.49 298.9
1770118320 3.49 295.5
1770118380 3.34 292.9
1770118440 4.33 295.3
1770118500 3.65 295.1
1770118560 4.88 295.8
1770118620 4.54 298.4
1770118680 4.47 299
1770118740 3.9 299.1
1770118920 4.57 301.7
1770118980 4.42 300.1
1770119040 3.97 298.1
1770119100 3.78 298.4
1770119160 4.29 299.5
1770119220 4.2 300.6
1770119280 4.78 300.5
1770119340 4.78 302.7
1770119400 4.41 301.6
1770119460 3.55 303.9
1770119520 4.2 300.8
1770119580 4.46 301.4
1770119640 4.29 303.5
1770119700 4.09 302.3
1770119760 4.42 303.1
1770119820 4.56 304.6
1770119880 4.45 304.9
1770119940 4.66 305.3
1770120000 4.73 305.2
1770120060 4.27 304.5
1770120120 4.19 305.3
1770120180 4.17 304.2
1770120240 4.42 299.9
1770120300 4.58 298.8
1770120360 4.1 296.3
1770120420 4.44 295.6
1770120480 4.03 297.8
1770120540 3.92 295.7
1770120600 4.09 293.6
1770120660 4.42 292.1
1770120720 4.09 292.6
1770121020 3.74 291
1770121080 3.77 290.9
1770121140 3.87 290.2
1770121200 3.94 289.4
1770121260 4.16 291.8
1770121320 3.95 291
1770121380 4.44 291
1770121440 3.62 286.7
1770121500 4.16 287.9
1770121560 4.06 287.8
1770121620 3.79 288.1
1770121680 3.6 286.2
1770121740 3.7 286.9
1770121800 4.03 289.1
1770121860 3.99 289.2
1770121920 3.84 288.5
1770121980 4.09 289.3
1770122040 3.85 290.5
1770122100 3.43 290.9
1770122160 3.97 286.4
1770122220 3.71 291.9
1770122280 3.55 292.6
1770122340 3.93 294.6
1770122400 3.37 291.3
1770122460 3.47 293.7
1770122520 3.81 292.4
1770122580 3.95 289.5
1770122640 3.42 291.1
1770122700 3.55 293.4
1770122760 3.9 293.9
1770122880 3.8 290.4
1770122940 3.72 290.1
1770123000 3.66 290.3
1770123060 4.13 292.3
1770123120 4.42 291.6
1770123180 3.98 293.3
1770123240 3.94 294.6
1770123300 4.52 294.8
1770123360 4.24 293.2
1770123420 4.32 293
1770123480 4.33 291.6
1770123540 4.17 291.9
1770123600 4.21 291.7
1770123660 4.09 292.7
1770123720 3.59 293.1
1770123780 3.07 292.3
1770123840 3.43 293.1
1770123900 4.32 293.2
1770123960 4.01 290.2
1770124020 3.83 289.6
1770124080 4.09 288.6
1770124140 3.81 286.7
1770124200 4.02 290
1770124260 3.89 292.2
1770124320 3.85 290.4
1770124380 4.29 292.5
1770124440 4 290.4
1770124500 4.08 289.5
1770124560 4.06 289.9
1770124620 4.59 292.6
1770124680 4.37 294.6
1770124740 3.69 294.7
1770124860 4.63 289.1
1770124920 4.5 289
1770124980 4.22 288.8
1770125040 4.8 289.3
1770125100 3.78 292.3
1770125160 4.99 292.2
1770125220 4.5 292.2
1770125280 4.62 292.9
1770125340 4.5 292.8
1770125400 4.4 290.3
1770125460 3.74 290
1770125520 3.48 290.1
1770125580 3.74 290.4
1770125640 4.19 291.7
1770125700 4.12 291.3
1770125760 3.58 290.2
1770125820 3.69 292.4
1770125880 4.41 293.3
1770125940 4.46 291.8
1770126000 4.49 292.1
1770126060 3.52 292.4
1770126120 4.28 290.9
1770126180 4.03 292.4
1770126240 3.91 290.8
1770126300 4.22 291.8
1770126360 3.99 291.9
1770126420 4.06 291.8
1770126480 3.68 291.3
1770126540 3.62 290.1
1770126600 3.91 289.6
1770126660 4.05 289.7
1770126720 4.06 289.6
1770126840 4 290.1
1770126900 3.99 289.9
1770126960 3.9 289.2
1770127020 3.69 291.1
1770127080 4.39 291.4
1770127140 4.39 291.6
1770127200 3.71 291.2
1770127260 3.53 289
1770127320 4.05 289.3
1770127380 4.06 290.2
1770127440 3.99 290.5
1770127500 4.24 291.7
1770127560 4.49 292
1770127620 4.57 291.7
1770127680 4.44 292.8
1770127740 4.52 295.2
1770127800 4.35 293.6
1770127860 4.38 295
1770127920 4.19 293.8
1770127980 4.63 294.3
1770128040 3.81 291.2
1770128100 4.44 294.9
1770128160 4.48 292.7
1770128220 4.31 291.8
1770128280 4.67 291
1770128340 3.69 291.1
1770128400 3.87 291
1770128460 4.03 292
1770128520 3.68 292.5
1770128580 3.6 292
1770128640 3.8 292
1770128700 3.92 292.1
1770128820 3.3 292.9
1770128880 3.41 293.1
1770128940 4.43 295
1770129000 4.41 292.9
1770129060 3.78 294.1
1770129120 4.22 295.6
1770129180 4.95 294.8
1770129240 4.71 295.2
1770129300 4.27 296.2
1770129360 4.11 294.3
1770129420 4.55 294.5
1770129480 4.55 294.5
1770129540 4.47 293.9
1770129600 4.64 294.3
1770129660 4.51 293.7
1770129720 4.67 294.1
1770129780 4.08 296.2
1770129840 3.74 292.2
1770129900 5.05 296.8
1770129960 4.98 296.1
1770130020 4.14 293.9
1770130080 4.88 294.9
1770130140 5.65 304.2
1770130200 4.39 294.8
1770130260 4.16 292.7
1770130320 4.44 294.7
1770130380 4.71 296.4
1770130440 4.5 297.1
1770130500 4.29 297.4
1770130560 4.27 295.5
1770130620 4.53 296.7
1770130680 5.64 305.3
1770130740 4.9 296.4
1770130800 4.65 295.6
1770130860 4.65 295.7
1770130920 4.57 296.2
1770130980 4.53 296.5
1770131040 3.64 292.5
1770131100 4.35 295.3
1770131160 5.32 308.2
1770131220 4.92 301.6
1770131280 5.15 300.1
1770131340 4.79 300.9
1770131400 4.09 295.4
1770131460 4.3 293.9
1770131520 4.57 297.1
1770131580 4.75 298.6
1770131640 5.8 304
1770131700 4.37 294.1
1770131760 4.62 294.6
1770131820 4.59 295.8
1770131880 6.3 314
1770131940 4.33 298.6
1770132000 4.45 295.1
1770132060 4.91 296
1770132120 5 296.5
1770132180 4.4 297.3
1770132240 4.48 299.3
1770132300 4.75 300.5
1770132360 5.1 299.9
1770132420 5.17 299.7
1770132480 4.97 299.7
1770132540 5.05 299.2
1770132600 5.43 303.4
1770132660 6.62 311.5
1770132720 4.86 299.9
1770132900 6.07 300.2
1770132960 4.76 300.2
1770133020 6.16 309.7
1770133080 5.69 306.9
1770133140 5.55 302.3
1770133200 5.41 301.2
1770133260 5.05 302.2
1770133320 4.91 304.9
1770133380 5.14 305.2
1770133440 5.3 303
1770133500 5.29 303.4
1770133560 5.41 303.8
1770133620 5.12 304.2
1770133680 5.39 304.9
1770133740 5.28 305.9
1770133800 5.21 307.5
1770133860 4.79 305.9
1770133920 4.92 306.2
1770133980 5 307.5
1770134040 5.85 308.9
1770134100 5.43 307.3
1770134160 5.27 307
1770134220 5.3 308.1
1770134280 5.42 308.6
1770134400 5.25 308.5
1770134460 5.72 309.6
1770134520 6.63 311.3
1770134580 5.87 307.4
1770134640 5.22 306.7
1770134700 5.75 307.7
1770134820 2.37 326.4
1770134880 3.37 314.6
1770134940 3.7 312.4
1770135000 3.44 313.3
1770135060 3.07 315.6
1770135120 2.75 315.5
1770135180 4.15 308.5
1770135240 5.68 305.8
1770135300 6.31 308.3
1770135360 6.33 308
1770135420 5.78 307.6
1770135480 5.89 308.5
1770135540 6.14 307.4
1770135600 6.5 308.1
1770135660 6.97 309.4
1770135720 6.61 308.7
1770135780 7.68 308.4
1770135840 6.2 309.6
1770135900 7.85 310.4
1770135960 7.17 309.7
1770136020 7 308.6
1770136080 6.61 308.9
1770136140 6.56 309.2
1770136200 6.54 307.9
1770136260 6.77 307.2
1770136320 6.92 306.8
1770136380 6.48 305.2
1770136440 6.8 305.7
1770136500 6.24 307.5
1770136560 5.76 309.9
1770136620 6.02 310.7
1770136680 6.53 307.5
1770136800 3.11 322.6
1770136860 4.02 314.5
1770136920 3.76 313.8
1770136980 4.37 311.3
1770137040 4.5 311.5
1770137100 4.19 314
1770137160 3.99 315.4
1770137220 3.6 315.9
1770137280 4.02 311.8
1770137340 5.87 304.9
1770137400 6.64 307.6
1770137460 6.31 307.8
1770137520 6.16 307.2
1770137580 6.08 308.8
1770137640 6.69 308.5
1770137700 6.62 308.1
1770137760 5.48 306.9
1770137820 5.17 307.3
1770137880 5.43 304.8
1770137940 5.02 305.9
1770138000 5.31 306.5
1770138060 8.9 316
1770138120 7.95 312.9
1770138180 4.77 303.7
1770138240 5.31 305.6
1770138300 5.83 306.5
1770138360 6.38 308.2
1770138420 6.03 308.3
1770138480 5.7 308.5
1770138540 6.13 307.9
1770138600 6.12 307.6
1770138660 5.74 308.4
1770138720 5.73 308.4
1770138780 5.6 306.8
1770138840 6.27 308.6
1770138900 5.9 308.4
1770138960 6.08 308.1
1770139020 6.01 308.5
1770139080 5.84 308.8
1770139140 5.96 308.7
1770139200 5.89 308.2
1770139260 5.89 308
1770139320 6.22 309
1770139380 5.89 310.2
1770139440 6.12 308.2
1770139500 6.16 308.6
1770139560 5.44 309.8
1770139620 5.87 309.5
1770139680 6.01 309.9
1770139740 6.7 308.3
1770139800 5.14 309.6
1770139860 5 309.3
1770139920 5.33 309.3
1770139980 5.73 309.4
1770140040 5.79 310.4
1770140100 5.91 312.4
1770140160 6.16 312.7
1770140220 5.97 310.5
1770140280 6.04 310.3
1770140340 6.19 311.3
1770140400 6.99 309.1
1770140460 6.38 310.4
1770140520 6.43 312.2
1770140580 6.48 314.6
1770140640 10.31 323.8
1770140700 10.73 324.8
1770140820 6.69 310.5
1770140880 7.1 312.1
1770140940 9.59 319.7
1770141000 9.43 319.7
1770141060 7.31 313.4
1770141120 9.86 317.4
1770141180 12.43 323.4
1770141240 6.81 314.3
1770141300 7.21 314.4
1770141360 9.92 323.8
1770141420 6.6 311.8
1770141480 11.22 327.3
1770141540 9.57 316.2
1770141600 7.99 313.1
1770141660 7.29 312.6
1770141720 6.93 310.4
1770141780 7.07 310.4
1770141840 7.06 310.7
1770141900 6.7 310.7
1770141960 6.53 310.2
1770142020 6.34 310.3
1770142080 6.29 310.5
1770142140 6.87 309.5
1770142200 6.53 310.3
1770142260 4.93 309.9
1770142320 4.92 309.7
1770142380 4.99 311.6
1770142440 7.57 324.1
1770142500 4.96 312.5
1770142560 5.65 313.6
1770142620 5.29 313.1
1770142680 5.2 312.9
1770142740 3.75 318.5
1770142800 4.71 314.8
1770142860 5.3 313.1
1770142920 5.64 313.9
1770142980 5.86 315.5
1770143040 5.56 318
1770143100 5.26 320.2
1770143160 5.29 322
1770143220 5.3 322.5
1770143280 5.12 322.3
1770143340 5.23 320.8
1770143400 5.24 314.7
1770143460 5.88 317.2
1770143520 6.17 318
1770143580 5.46 319.3
1770143640 5.47 317.4
1770143700 4.35 320.5
1770143760 6.31 333.8
1770143820 7.05 337.8
1770143880 6.94 337.6
1770143940 6.85 339.2
1770144000 5.9 339.4
1770144060 5.29 334
1770144120 5.72 323.5
1770144180 7.76 336.5
1770144240 6.84 340
1770144300 7.05 335.4
1770144360 7.15 326.8
1770144420 7.12 335.3
1770144480 6.26 338.6
1770144540 7.38 334.8
1770144600 6.57 337.2
1770144660 6.24 338.1
1770144720 3.59 343.8
1770144780 3.98 321.7
1770144840 4.18 303.2
1770144900 4.52 305.3
1770144960 4.97 309.4
1770145020 5.07 309.4
1770145080 7.72 316.6
1770145140 12.5 328.9
1770145200 3.9 306.2
1770145260 0.7 277.2
1770145320 5.37 317.1
1770145380 2.07 300.1
1770145440 9.91 325.7
1770145500 5.52 312.2
1770145560 4.13 310.5
1770145620 5.27 314.2
1770145680 4.04 302
1770145740 3.55 300.8
1770145800 4.17 304.8
1770145860 6.74 315
1770145920 9.16 324.7
1770145980 6.83 313.5
1770146040 3.92 307.6
1770146100 3.56 306.3
1770146160 3.53 305.7
1770146220 5.26 312.6
1770146280 3.08 295.7
1770146340 17.01 330.9
1770146400 5.47 313.6
1770146460 3.26 302.2
1770146520 5.17 311.9
1770146580 3.58 298.6
1770146640 2.62 291.5
1770146700 2.2 305.2
1770146760 2.22 311.3
1770146820 2.51 324.7
1770146880 2.59 327.3
1770146940 2.39 314
1770147000 2.72 314.3
1770147060 1.98 322.4
1770147120 2.08 320.8
1770147180 2.49 318.8
1770147240 1.9 323
1770147300 3.68 341.9
1770147360 3.45 304.1
1770147420 4.53 311.3
1770147480 4.03 305.5
1770147540 4.73 309.8
1770147600 3.99 307.9
1770147660 3.27 302.3
1770147720 3.81 305.4
1770147780 3.74 303.3
1770147840 3.36 300.8
1770147900 3.9 308.4
1770147960 3.26 300.5
1770148020 3.63 306.1
1770148080 4.15 312
1770148140 3.32 302.2
1770148200 3.61 304.9
1770148260 3.46 306.1
1770148320 3.79 302.4
1770148380 3.82 305.2
1770148440 9.41 324.6
1770148500 5.15 304.3
1770148560 11.34 317.4
1770148620 16.4 331.4
1770148680 1.52 331.4
1770148740 2.21 324.1
1770148800 3.66 313.2
1770148860 5.84 313.2
1770148920 7.77 316.6
1770148980 4.38 309
1770149040 4.06 303.8
1770149100 4.85 312.3
1770149160 3.75 307.1
1770149220 4 312.4
1770149280 4.61 309.9
1770149340 3.79 311.4
1770149400 7.46 326.8
1770149460 5.57 316.3
1770149520 4.24 308.4
1770149580 3.35 302.3
1770149640 3.13 301.5
1770149700 3.85 307.6
1770149760 4.25 311.6
1770149820 4.2 311
1770149880 4.17 309
1770149940 4.8 311.5
1770150000 4.79 313.9
1770150060 12.44 333.5
1770150120 4.52 316.9
1770150180 2.9 307.6
1770150240 2.82 301
1770150300 3.56 302.9
1770150360 4.26 310.5
1770150420 4.13 312
1770150480 3.77 311.1
1770150540 4.06 311.8
1770150600 4.39 312.6
1770150660 2.54 334.6
1770150720 2.75 329
1770150780 3.17 324.3
1770150840 3.31 328.5
1770150900 3.46 305.2
1770150960 3.95 313.7
1770151020 3.8 313.9
1770151080 3.22 311.1
1770151140 5.03 317.3
1770151200 3.76 313.3
1770151260 4.19 316
1770151320 5.24 318.5
1770151380 4.34 315.3
1770151440 13.32 326.7
1770151500 10.57 322.2
1770151560 3.55 306.4
1770151620 3.28 303.4
