1767572700 2.87 469.8
1767587100 4.31 449.2
1767601500 3.01 423.1
1767615900 1.81 425.8
1767630300 2.05 406.1
1767644700 0.26 397.5
1767659100 1 372.2
1767673500 0.2 396.1
1767687900 0.96 379.5
1767702300 0.03 376.4
1767716700 15.48 380.9
1767731100 2.41 346.6
1767745500 2.85 341.3
1767780120 1.65 336.9
1767794520 6.07 360.3
1767808920 4.41 336.2
1767823440 4.16 351.1
1767837840 7.95 355.9
1767852240 7.47 371.6
1767866640 3.98 383.5
1767881040 8.62 376.4
1767895440 2.09 382.7
1767909840 9.97 422.3
1767924240 3.52 397.9
1767938640 5.62 477.9
1767956700 4.95 543
1767971100 8.85 492.3
1767985560 3.54 502.9
1767999960 4.96 497.6
1768014360 4.75 492.4
1768028760 2.8 467.5
1768043160 3.19 477.9
1768057560 4.57 469.9
1768071960 7.87 469.3
1768086420 0.46 535.8
1768103700 0.93 513.2
1768119300 2.33 521.6
1768133700 2.96 525.1
1768148100 3.75 502.2
1768162500 3.39 564.4
1768176900 1.15 543.7
1768191300 1.07 537.6
1768205700 0.44 519.6
1768220100 1.66 571.1
1768234500 2.47 570.3
1768248900 1.52 554.7
1768263360 1.27 580.6
1768277760 0.63 568.1
1768292220 2.67 544.3
1768306620 0.32 573
1768321020 0.57 528.6
1768335420 0.43 541.9
1768349820 0.45 509.4
1768364220 0.5 516.5
1768378620 0.5 468.9
1768393020 1.14 514.3
1768407420 0.81 547.3
1768421820 0.04 473.2
1768436220 1.04 544.1
1768450620 0.86 493.1
1768465020 1.33 625.5
1768479420 0.19 609.7
1768493820 1.24 626.5
1768508220 0.25 600.1
1768522620 0.86 556.2
1768537020 3.49 675
1768551420 2.38 680.7
1768565820 1.34 673.2
1768580220 3.14 677.3
1768594620 3.14 673.4
1768609020 2.76 690.2
1768623420 1.68 720.8
1768637820 0.34 497.3
1768652220 1.67 649.4
1768666620 0.67 685.9
1768681020 1.17 701.9
1768695420 0.52 672.2
1768709820 1.47 645.4
1768724220 12.97 572.2
1768738620 0.61 567.1
1768753020 0.13 576.1
1768767420 0.1 478.7
1768781820 1.55 459.8
1768796220 1.52 438.7
1768810620 2.64 442.8
1768825020 1.99 289
1768839420 2.16 269.5
1768853820 9.59 292.5
1768868220 6.77 1018.5
1768882620 2.31 929.6
1768897020 1.78 502.6
1768911420 3.12 968.8
1768925820 0.48 833.9
1768940220 0.18 857.5
1768954620 0.16 756.4
1768969020 1.53 753.5
1768983420 0.79 685
1768997820 0.04 698.5
1769012220 0.47 619.3
1769026620 0.92 580.7
1769041020 0.28 613.9
1769055420 0.09 709.4
1769069820 0.44 582.7
1769084220 0.6 539.6
1769098620 1.95 559.8
1769113020 2.33 520
1769127420 0.03 503.3
1769141820 1.33 517.6
1769156220 19.04 567.2
1769170620 2.45 545
1769185020 1.61 597.5
1769199420 2.04 557.6
1769213820 1.83 543.9
1769228220 0.51 575.5
1769242620 13.6 551.1
1769257020 1.13 520.2
1769271420 11.25 531.3
1769285820 0.11 553.9
1769300220 1.35 527.6
1769314620 2.99 587.9
1769329020 12.35 559.8
1769343420 1.26 579.8
1769357820 1.41 505.9
1769372220 1.09 509.7
1769386620 0.26 508.5
1769401020 5.82 500
1769415420 1.1 504.7
1769429820 0.76 517.1
1769444220 10.35 510.7
1769458620 1.57 455
1769473020 3 441.6
1769487420 4.03 414.6
1769501820 3.45 420.6
1769516220 3.51 417.9
1769530620 6.93 422.2
1769545020 5.49 444.1
1769559420 5.1 450
1769573820 4.76 466.8
1769588220 1.78 519.6
1769602620 0.24 560.9
1769617020 1.13 548.6
1769631420 1.59 620.9
1769645820 1.23 620
1769660220 0.18 701.1
1769674620 0.77 668
1769689020 0.75 666
1769703420 0.88 656.4
1769717820 0.05 624.4
1769732220 0.46 607.6
1769746620 1.09 563.9
1769761020 1.22 551.9
1769775420 1.08 559.6
1769789820 1.15 524.1
1769804220 2.5 503.5
1769818620 2.14 476.5
1769833020 1.95 461.2
1769847420 1.97 443.4
1769861820 2.07 433.7
1769876220 2.13 424.3
1769890620 2.03 374.7
1769905020 2.03 389
1769919420 3.31 375.8
1769933820 1.31 333.7
1769948220 2.48 347
1769962620 1.21 293.4
1769977020 1.64 302.3
1769991420 2.22 328.3
1770023940 1.89 299.5
1770038340 4.15 309
1770052740 3.89 310.1
1770067140 5.15 310.4
1770081540 2.97 296.1
1770095940 2.87 282.9
1770110340 3.64 290
1770124740 3.69 294.7
1770139140 5.96 308.7
1770151320 5.24 318.5
