ACS3
1 59588U 24077B   26032.47543298  .00019430  00000+0  16144-1 0  9993
2 59588  97.2265 341.7269 0045714 193.2963 166.6999 13.88090644 89178
AO-7
1 07530U 74089B   26032.50816721 -.00000035  00000+0  74551-4 0  9990
2 07530 101.9969  44.3104 0012307  31.2902 127.1554 12.53695574343516
AO-27
1 22825U 93061C   26032.41565633  .00000134  00000+0  68123-4 0  9995
2 22825  98.7061  99.7840 0009197 134.2470 225.9469 14.30899893687581
AO-73
1 39444U 13066AE  26032.46670585  .00009328  00000+0  61527-3 0  9999
2 39444  97.8120   1.4265 0036579 307.2189  52.5702 15.07142684659202
AO-95
1 43770U 18099N   26032.39706171  .00010711  00000+0  45235-3 0  9996
2 43770  97.4591  93.3325 0010619 104.5248 255.7167 15.23389561392521
AO-123
1 61781U 24199AY  26032.53511963  .00009324  00000+0  29143-3 0  9993
2 61781  97.3210 262.4619 0016018  75.7276 284.5744 15.33252347113124
CAS-9
1 50466U 21131B   26032.54158905  .00000659  00000+0  21789-3 0  9998
2 50466  98.5006 125.7001 0004933 136.3654 223.7926 14.41200209215578
CO-55
1 27844U 03031E   26032.45416380  .00000390  00000+0  18797-3 0  9992
2 27844  98.6771  42.7066 0008946 214.5307 145.5292 14.24233516172356
CO-65
1 32785U 08021C   26032.48618042  .00006478  00000+0  42683-3 0  9992
2 32785  97.8143  11.3405 0010604 123.9577 236.2660 15.07818654964737
FO-29
1 24278U 96046B   26032.49359271  .00000004  00000+0  37351-4 0  9997
2 24278  98.5429 259.8013 0350909  88.4982 275.6318 13.53266236454816
FOX-1B
1 43017U 17073E   26032.09322578  .00007650  00000+0  35012-3 0  9993
2 43017  97.4914 262.1720 0159655  77.6789 284.2263 15.10044299444831
GO-32
1 25397U 98043D   26032.42373859  .00000090  00000+0  59182-4 0  9991
2 25397  98.9976  21.8210 0000481 200.0521 160.0638 14.24395050432009
HADES-R
1 62690U 25009CK  26031.19182553  .02142076  40381-2  28785-2 0  9997
2 62690  97.3614 121.7643 0008610 298.2732  61.7681 16.07490824 58550
HOPE-1
1 36122U 09072B   26032.50928388 -.00000137  00000+0 -24215-3 0  9997
2 36122 100.3846 348.6193 0007390 179.3442 180.7681 13.16434774775157
ISAT
1 43879U 18111D   26032.35008312  .00040493  00000+0  80648-3 0  9996
2 43879  97.5914 319.2519 0009173  79.7802 280.4481 15.46755310390052
ISS
1 25544U 98067A   26032.43601913  .00006280  00000+0  12479-3 0  9991
2 25544  51.6317 251.5712 0011128  53.0689 307.1316 15.48319189550710
JO-97
1 43803U 18099AX  26032.11660101  .00015623  00000+0  55875-3 0  9993
2 43803  97.4341  94.8167 0006902  43.2769 316.9012 15.28868084392805
JPSS-1
1 43013U 17073A   26032.45791190  .00000080  00000+0  58689-4 0  9995
2 43013  98.7653 333.2144 0000637  17.1593 342.9605 14.19525850425216
LILACSAT
1 40908U 15049K   26032.55810620  .00016024  00000+0  32271-3 0  9990
2 40908  97.4856  64.5570 0008577  36.7412 323.4424 15.46627700574757
LO-19
1 20442U 90005G   26031.99131883  .00000174  00000+0  79081-4 0  9990
2 20442  98.8948  49.9782 0010644 243.2350 116.7745 14.34071357882872
LO-74
1 39440U 13066AA  26032.43287298  .00003172  00000+0  30386-3 0  9997
2 39440  97.8767 341.0757 0060443 116.4859 244.2577 14.92516291656732
Moon
1     1U     1A   26032.68547454  .00000000  00000-0  0000000 0  0011
2     1 331.4749 175.8066 0362000 332.1449 342.5152  0.03660000    12
NO-44
1 26931U 01043C   26032.02782456  .00000164  00000+0  92270-4 0  9990
2 26931  67.0488 236.4275 0007080 266.7118  93.3174 14.31889956270955
PO-101
1 43678U 18084H   26032.49663650  .00002903  00000+0  23991-3 0  9991
2 43678  98.1076 223.0446 0007924 240.6701 119.3730 14.99782335395871
QO-100
1 43700U 18090A   26032.35947376  .00000135  00000+0  00000+0 0  9996
2 43700   0.0171  90.1299 0002274 260.6350 295.9723  1.00272489 26314
ROBUSTA-
1 60243U 24128J   26032.16948794  .00009227  00000+0  56903-3 0  9998
2 60243  61.9889 328.4405 0054645 100.9396 259.7853 15.09305719 85873
RS30
1 32953U 08025A   26032.49251278  .00000023  00000+0  97337-4 0  9995
2 32953  82.5006  79.8540 0018405 245.6498 114.2660 12.43174232802834
RS38S
1 57189U 23091Z   26032.51354845  .00015670  00000+0  51940-3 0  9993
2 57189  97.5281  99.6326 0007864 186.2145 173.8999 15.31337500143890
RS-44
1 44909U 19096E   26032.44115861  .00000034  00000+0  82651-4 0  9996
2 44909  82.5177  69.9140 0218623 101.7326 260.8392 12.79746813284988
SO-50
1 27607U 02058C   26031.85835677  .00001716  00000+0  22100-3 0  9990
2 27607  64.5520 190.6659 0074151 287.3477  71.9528 14.82627521244244
SONATE-2
1 59112U 24043Q   26032.37488462  .00028978  00000+0  54425-3 0  9992
2 59112  97.5353 175.6517 0008249 345.2976  14.8033 15.48530389106803
SPARROW
1 43881U 18111F   26032.31504779  .00047508  00000+0  85352-3 0  9994
2 43881  97.6108 323.3056 0007852 102.3312 257.8818 15.49701925390186
STRAND-1
1 39090U 13009E   26032.49812726  .00000409  00000+0  15221-3 0  9992
2 39090  98.3852 216.0961 0007571 277.4245  82.6081 14.37060008677570
SWISSCUB
1 35932U 09051B   26032.27784351  .00001332  00000+0  27462-3 0  9999
2 35932  98.4136 297.7694 0005570 279.6400  80.4171 14.62148311869290
TECHNOSA
1 42829U 17042E   26032.43718339  .00003646  00000+0  26780-3 0  9994
2 42829  97.4089 195.4883 0017612 191.6238 168.4584 15.03925803466298
TIANHE
1 48274U 21035A   26031.38642198  .00028253  00000+0  32371-3 0  9997
2 48274  41.4674  74.8264 0008909  46.9753 313.1831 15.61427822271787
UKUBE-1
1 40074U 14037F   26032.46879108  .00007754  00000+0  46917-3 0  9998
2 40074  98.4180  21.7837 0000513  99.5961 260.5324 15.10956306628041
UMKA_1
1 57172U 23091G   26032.28239523  .00005968  00000+0  28778-3 0  9996
2 57172  97.5262  91.5359 0012163 229.2182 130.7998 15.19021611143367
UNISAT-6
1 40012U 14033C   26032.41539764  .00003483  00000+0  38453-3 0  9993
2 40012  97.7658 187.7504 0046293 154.8632 205.4852 14.87313500625973
UO-11
1 14781U 84021B   26032.48736765  .00001234  00000+0  13254-3 0  9992
2 14781  97.7882 359.7552 0006039 274.8827  85.1702 14.90362659236915
