ACS3
1 59588U 24077B   26034.42161448  .00021438  00000+0  17781-1 0  9992
2 59588  97.2259 343.2363 0045416 186.1249 173.9364 13.88174076 89449
AO-7
1 07530U 74089B   26034.50227517 -.00000049  00000+0 -13404-4 0  9997
2 07530 101.9970  46.3257 0012292  27.5310 127.1262 12.53695608343764
AO-27
1 22825U 93061C   26034.16380432  .00000129  00000+0  66192-4 0  9999
2 22825  98.7057 101.5348 0009252 129.6165 230.5836 14.30900640687833
AO-73
1 39444U 13066AE  26034.39204065  .00012652  00000+0  83145-3 0  9993
2 39444  97.8133   3.3806 0036408 300.4204  59.3427 15.07195789659496
AO-95
1 43770U 18099N   26034.10484618  .00013642  00000+0  57422-3 0  9993
2 43770  97.4586  95.0296 0010587  99.3573 260.8862 15.23440273392782
AO-123
1 61781U 24199AY  26034.55823987  .00011238  00000+0  35012-3 0  9998
2 61781  97.3202 264.4657 0015961  69.3566 290.9386 15.33303056113437
CAS-9
1 50466U 21131B   26034.55496324  .00000883  00000+0  28722-3 0  9994
2 50466  98.5005 127.7027 0004996 131.1419 229.0202 14.41203821215869
CO-55
1 27844U 03031E   26034.49149958  .00000381  00000+0  18433-3 0  9999
2 27844  98.6772  44.7182 0009054 208.2248 151.8442 14.24235794172642
CO-65
1 32785U 08021C   26034.47703181  .00007623  00000+0  50094-3 0  9990
2 32785  97.8156  13.3636 0010827 117.8773 242.3553 15.07853547965039
FO-29
1 24278U 96046B   26034.48982054 -.00000003  00000+0  29603-4 0  9990
2 24278  98.5426 261.5284 0350885  83.3372 280.7570 13.53266387455087
FOX-1B
1 43017U 17073E   26034.41245660  .00009124  00000+0  41663-3 0  9994
2 43017  97.4906 264.4413 0159407  69.7940 292.0351 15.10088704445185
GO-32
1 25397U 98043D   26034.39058794  .00000097  00000+0  61964-4 0  9995
2 25397  98.9980  23.8346 0000588 190.4804 169.6361 14.24395805432286
HADES-R
1 62690U 25009CK  26032.99082620  .05664363  23962-5  28116-2 0  9998
2 62690  97.3536 123.7794 0009922 302.1245  57.9081 16.20799086 58843
HOPE-1
1 36122U 09072B   26034.48527113 -.00000432  00000+0 -10143-2 0  9999
2 36122 100.3854 350.5596 0007421 174.8336 185.2854 13.16432609775418
ISAT
1 43879U 18111D   26033.51452035  .00055585  00000+0  10995-2 0  9995
2 43879  97.5913 320.4720 0009190  77.2523 282.9752 15.46881531390234
ISS
1 25544U 98067A   26034.04958913  .00010203  00000+0  19716-3 0  9996
2 25544  51.6308 243.5963 0011047  59.0686 301.1387 15.48354885550963
JO-97
1 43803U 18099AX  26034.40728097  .00018625  00000+0  66354-3 0  9995
2 43803  97.4329  97.1043 0006769  36.6169 323.5532 15.28957998393154
JPSS-1
1 43013U 17073A   26034.43151058  .00000093  00000+0  65186-4 0  9992
2 43013  98.7656 335.1674 0000538  15.5797 344.5395 14.19526485425495
LILACSAT
1 40908U 15049K   26034.49902396  .00019795  00000+0  39697-3 0  9994
2 40908  97.4853  66.5619 0008373  30.5719 329.6017 15.46707501575054
LO-19
1 20442U 90005G   26034.50308000  .00000168  00000+0  76802-4 0  9998
2 20442  98.8949  52.5612 0010709 235.1958 124.8219 14.34072799883239
LO-74
1 39440U 13066AA  26034.31004872  .00004743  00000+0  45113-3 0  9990
2 39440  97.8772 342.9536 0060530 110.4829 250.2901 14.92535778657012
Moon
1     1U     1A   26034.68546296  .00000000  00000-0  0000000 0  0016
2     1  27.9862  -3.7664 0362000  88.2926  68.6200  0.03660000    18
NO-44
1 26931U 01043C   26033.98358421  .00000155  00000+0  88839-4 0  9993
2 26931  67.0489 231.3694 0007059 266.6155  93.4139 14.31891180271237
PO-101
1 43678U 18084H   26034.49815718  .00002788  00000+0  23052-3 0  9996
2 43678  98.1068 225.1289 0008176 233.8743 126.1723 14.99791011396173
QO-100
1 43700U 18090A   26034.38031159  .00000000  00000+0  00000+0 0  9995
2 43700   0.0135 119.5400 0002318 236.0310 300.6869  1.00269102 26331
ROBUSTA-
1 60243U 24128J   26034.22323626  .00011772  00000+0  72079-3 0  9998
2 60243  61.9888 321.2041 0054613 101.3288 259.3950 15.09355271 86186
RS30
1 32953U 08025A   26034.50447575  .00000101  00000+0  65408-3 0  9996
2 32953  82.4998  78.6015 0018452 241.1349 118.7879 12.43174748803086
RS38S
1 57189U 23091Z   26034.53917184  .00018949  00000+0  62565-3 0  9995
2 57189  97.5270 101.6889 0008042 179.4006 180.7246 15.31420655144207
RS-44
1 44909U 19096E   26034.47384866  .00000029  00000+0  63820-4 0  9995
2 44909  82.5176  68.5626 0218652  97.0039 265.5984 12.79746829285247
SO-50
1 27607U 02058C   26034.48894853  .00001893  00000+0  24175-3 0  9993
2 27607  64.5526 182.5321 0074237 286.8699  72.4275 14.82639606244636
SONATE-2
1 59112U 24043Q   26034.31337954  .00036820  00000+0  68693-3 0  9994
2 59112  97.5357 177.6738 0008297 338.1649  21.9246 15.48674137107104
SPARROW
1 43881U 18111F   26034.25201284  .00061004  00000+0  10838-2 0  9997
2 43881  97.6110 325.3502 0008058  98.6086 261.6078 15.49956275390485
STRAND-1
1 39090U 13009E   26034.44767379  .00000414  00000+0  15372-3 0  9995
2 39090  98.3854 217.9965 0007569 270.7996  89.2324 14.37062305677858
SWISSCUB
1 35932U 09051B   26034.26239358  .00001500  00000+0  30803-3 0  9992
2 35932  98.4133 299.7898 0005553 272.2455  87.8109 14.62154933869586
TECHNOSA
1 42829U 17042E   26034.43320844  .00004654  00000+0  34040-3 0  9994
2 42829  97.4094 197.4012 0017806 184.7704 175.3355 15.03947318466597
TIANHE
1 48274U 21035A   26034.46300986  .00017341  00000+0  21895-3 0  9990
2 48274  41.4674  56.1782 0006184 350.0831   9.9884 15.59141302272269
UKUBE-1
1 40074U 14037F   26034.45548154  .00011675  00000+0  70278-3 0  9997
2 40074  98.4189  23.9682 0000466 127.5854 232.5416 15.11005245628344
UMKA_1
1 57172U 23091G   26034.45620689  .00007710  00000+0  37037-3 0  9999
2 57172  97.5250  93.7006 0012316 221.4038 138.6264 15.19056155143691
UNISAT-6
1 40012U 14033C   26034.43369264  .00005306  00000+0  58205-3 0  9996
2 40012  97.7664 189.7255 0046438 148.2607 212.1423 14.87336431626276
UO-11
1 14781U 84021B   26034.50153589  .00001938  00000+0  20482-3 0  9996
2 14781  97.7889   1.7406 0006033 266.2546  93.7983 14.90371380237212
